Number of nodes=47
Number of caregiver=10 

w1=0.059
w2=0.294
w3=0.235
w4=0.059
w5=0.176
w6=0.059
w7=0.118

alfa_k =0
beta_k =672

tr=80
Set of patients with high fatigue={2, 7, 14, 22, 25}
 
Time window (alfa,beta)


TW1=
start=0	23	134	291	371	521	16	140	217	299	423	21	97	197	301	426	18	67	292	582	18	139	197	269	384	21	325	447	547	12	118	306	379	457	3	52	183	406	23	84	183	313	411	22	553	619	0
end=224	23	134	291	371	521	16	140	217	299	423	21	97	197	301	426	18	67	292	582	18	139	197	269	384	21	325	447	547	12	118	306	379	457	3	52	183	406	23	84	183	313	411	22	553	619	672


TW2=
start=0	0	109	254	293	434	0	95	147	259	375	0	27	132	206	384	0	0	256	513	0	76	163	211	321	0	302	367	488	0	89	248	296	424	0	0	94	374	0	31	102	220	331	1	460	592	0
end=224	103	185	385	461	547	62	183	243	344	494	112	175	250	322	479	93	133	346	618	47	184	248	318	416	109	403	485	612	62	147	354	468	513	35	136	276	451	111	160	249	357	455	55	595	672	672

TW3=
start=0	0	0	214	293	434	0	57	78	240	333	0	0	118	158	384	0	0	160	465	0	76	123	145	266	0	89	307	488	0	75	225	271	380	0	224	77	276	0	0	102	193	298	0	460	492	0
end=224	103	136	440	461	653	109	267	280	395	504	112	208	332	422	542	93	133	389	618	84	227	290	370	448	109	203	566	612	92	156	455	468	526	87	407	276	510	118	163	319	380	455	90	626	672	672


TW4=
start=0	0	0	195	224	434	0	39	78	240	234	0	0	118	106	254	0	0	160	465	0	45	122	118	195	0	144	303	429	0	63	108	271	344	0	0	30	276	0	0	72	193	235	0	446	439	0
end=224	130	267	440	465	653	109	267	379	450	564	133	234	368	443	542	180	142	465	767	84	267	290	466	567	145	407	566	732	149	247	455	518	559	87	152	364	522	180	242	363	380	583	146	646	725	672


TW5=
start=0	0	0	0	0	0	0	0	0	0	0	0	0	0	0	0	0	0	0	0	0	0	0	0	0	0	0	0	0	0	0	0	0	0	0	0	0	0	0	0	0	0	0	0	0	0	0
end=224	672	672	672	672	672	672	672	672	672	672	672	672	672	672	672	672	672	672	672	672	672	672	672	672	672	672	672	672	672	672	672	672	672	672	672	672	672	672	672	672	672	672	672	672	672	672

Priority level of node=
0	30	30	40	20	40	40	10	50	40	40	10	20	20	30	50	20	40	40	30	30	10	50	40	20	30	40	50	50	40	40	30	50	40	30	30	20	30	20	50	50	20	20	30	10	30	0

Service time of node=
0	62	122	69	118	27	93	43	75	98	85	55	78	63	87	91	13	89	72	24	101	45	55	83	102	49	103	88	81	73	145	37	53	37	32	99	69	80	45	63	94	75	50	36	41	37	0

Start and end of time interval =
interval 1= 0 150
interval 2=151 450
interval 3=451 672 

skill matrix=
Caregiver 1:  1 1 0 0 0 0 0 0 0 0  0  1  0  0  0  0  0  0  0  0  0  1  0  0  0  0  0  0  0  0  0  0  0  0  0  0  0  0  0  0  1  1  0  0  0  0  1
Caregiver 2:  1 0 1 0 0 0 0 0 0 0  0  0  1  0  0  0  0  1  0  0  0  0  1  0  0  0  0  0  0  0  0  0  0  0  0  0  0  0  0  1  0  0  1  0  0  0  1
Caregiver 3:  1 0 0 1 0 0 0 0 0 0  0  0  0  1  0  0  0  0  0  0  0  0  0  1  0  0  0  0  0  0  0  0  0  0  0  0  0  0  1  0  0  0  0  1  0  0  1
Caregiver 4:  1 0 0 0 1 0 0 0 0 0  0  0  0  0  1  0  0  0  0  0  0  0  0  0  1  0  0  0  0  0  0  0  0  0  0  0  0  1  0  0  0  0  0  0  1  0  1
Caregiver 5:  1 0 0 0 0 1 0 0 0 0  0  0  0  0  0  1  0  0  0  0  0  0  0  0  0  1  0  0  0  0  0  0  0  0  0  0  1  0  0  0  0  0  0  0  0  1  1
Caregiver 6:  1 0 0 0 0 0 1 0 0 0  0  0  0  0  0  0  1  0  0  0  0  0  0  0  0  0  1  1  0  0  0  0  0  0  0  1  0  0  0  0  0  0  0  0  0  0  1
Caregiver 7:  1 0 0 0 0 0 0 1 0 0  0  0  0  0  0  0  0  1  0  0  0  0  0  0  0  0  0  1  0  0  0  0  0  0  1  0  0  0  0  0  0  1  0  0  0  0  1
Caregiver 8:  1 0 0 0 0 0 0 0 1 0  0  0  0  0  0  0  0  0  1  0  0  0  0  0  0  0  0  0  1  0  0  0  0  1  0  0  0  0  0  0  0  0  0  0  0  0  1
Caregiver 9:  1 0 0 0 0 1 0 0 0 1  0  0  0  0  0  0  0  0  0  1  0  0  0  0  0  0  0  0  0  1  0  0  1  0  0  0  0  0  0  0  0  0  0  0  0  0  1
Caregiver10:  1 0 0 0 0 0 0 0 1 0  1  0  0  0  0  0  0  0  0  0  1  0  0  0  0  0  0  0  0  0  1  1  0  0  0  0  0  0  0  0  0  0  0  0  0  0  1



Gender preference matrix=
caregiver 1=0	1	0	1	0	0	1	0	0	0	0	1	0	0	0	1	0	1	1	0	1	0	0	0	1	0	0	1	0	1	0	1	1	0	0	1	0	0	1	0	0	0	1	0	1	1	0
caregiver 2=0	0	1	0	0	1	0	1	0	0	0	0	1	0	1	0	1	0	0	1	0	1	0	1	0	1	0	0	1	0	0	0	0	1	0	0	0	1	0	1	1	0	0	0	0	0	0
caregiver 3=0	1	0	1	0	0	1	0	0	0	0	1	0	0	0	1	0	1	1	0	1	0	0	0	1	0	0	1	0	1	0	1	1	0	0	1	0	0	1	0	0	0	1	0	1	1	0
caregiver 4=0	0	1	0	0	1	0	1	0	0	0	0	1	0	1	0	1	0	0	1	0	1	0	1	0	1	0	0	1	0	0	0	0	1	0	0	0	1	0	1	1	0	0	0	0	0	0
caregiver 5=0	1	0	1	0	0	1	0	0	0	0	1	0	0	0	1	0	1	1	0	1	0	0	0	1	0	0	1	0	1	0	1	1	0	0	1	0	0	1	0	0	0	1	0	1	1	0
caregiver 6=0	0	1	0	0	1	0	1	0	0	0	0	1	0	1	0	1	0	0	1	0	1	0	1	0	1	0	0	1	0	0	0	0	1	0	0	0	1	0	1	1	0	0	0	0	0	0
caregiver 7=0	1	0	1	0	0	1	0	0	0	0	1	0	0	0	1	0	1	1	0	1	0	0	0	1	0	0	1	0	1	0	1	1	0	0	1	0	0	1	0	0	0	1	0	1	1	0
caregiver 8=0	0	1	0	0	1	0	1	0	0	0	0	1	0	1	0	1	0	0	1	0	1	0	1	0	1	0	0	1	0	0	0	0	1	0	0	0	1	0	1	1	0	0	0	0	0	0
caregiver 9=0	1	0	1	0	0	1	0	0	0	0	1	0	0	0	1	0	1	1	0	1	0	0	0	1	0	0	1	0	1	0	1	1	0	0	1	0	0	1	0	0	0	1	0	1	1	0
caregiver 10=0	0	1	0	0	1	0	1	0	0	0	0	1	0	1	0	1	0	0	1	0	1	0	1	0	1	0	0	1	0	0	0	0	1	0	0	0	1	0	1	1	0	0	0	0	0	0



continuty of care score matrix=
caregiver 1=0	1	2	2	2	3	2	2	2	1	2	2	1	3	1	3	1	1	1	3	3	2	2	3	3	1	2	1	1	1	3	2	3	2	1	2	3	3	2	3	2	2	3	2	2	1	0
caregiver 2=0	2	3	1	1	3	1	2	3	3	1	2	1	3	3	1	2	2	3	1	1	2	1	1	3	1	2	1	3	2	1	1	1	3	1	2	3	2	1	1	2	1	2	1	3	3	0
caregiver 3=0	3	3	1	2	2	3	1	1	2	2	3	3	2	1	2	2	1	2	3	3	3	3	2	2	3	2	1	2	1	2	2	3	2	3	3	2	2	1	2	3	3	2	1	2	2	0
caregiver 4=0	2	3	3	1	2	1	3	3	3	1	1	3	3	1	1	3	3	2	1	2	3	2	1	3	2	2	2	2	2	2	2	3	3	2	2	3	3	1	1	1	2	3	2	1	2	0
caregiver 5=0	1	2	2	2	2	3	1	2	2	1	3	3	3	1	3	2	3	2	3	2	3	2	2	3	1	3	2	1	1	3	2	1	3	3	3	3	2	3	3	1	2	2	3	1	2	0
caregiver 6=0	3	1	1	1	3	2	3	1	2	1	2	1	1	1	1	3	3	3	3	1	1	1	3	1	2	3	1	1	3	3	2	2	3	3	3	1	1	1	3	1	3	3	1	1	2	0
caregiver 7=0	1	3	3	1	3	3	1	1	1	2	3	3	1	1	3	2	2	3	2	1	1	3	3	3	3	2	3	2	1	3	1	2	1	1	2	1	3	3	2	1	2	3	1	2	1	0
caregiver 8=0	1	2	2	1	3	1	3	3	2	2	1	3	3	3	3	2	3	1	3	3	1	3	2	3	3	3	3	3	1	2	1	3	2	2	3	3	2	2	2	3	3	2	2	3	1	0
caregiver 9=0	2	2	2	3	1	3	3	2	3	3	3	3	1	2	1	2	2	3	1	2	1	2	2	3	1	1	2	3	1	1	2	1	1	1	3	3	1	3	3	1	3	1	3	2	1	0
caregiver 10=0	3	3	3	2	1	3	2	2	3	2	1	1	3	3	1	1	2	3	3	1	1	2	1	1	2	3	2	1	1	2	3	3	2	2	2	3	3	1	1	2	2	2	1	1	2	0



Travel time=
0	23	25	16	13	20	16	22	16	18	22	21	20	20	20	19	18	21	26	19	18	7	14	15	21	21	16	11	18	12	19	27	19	11	3	13	22	29	23	17	19	16	27	22	15	16	0
23	10000	47	27	19	26	33	42	28	26	43	10	12	31	19	41	33	39	34	14	8	25	34	27	42	42	25	33	36	23	34	8	34	31	21	17	43	7	2	12	37	14	8	4	34	14	23
25	47	10000	33	35	33	25	10	31	36	16	44	45	33	39	11	23	23	33	43	42	24	15	28	16	12	30	15	18	31	24	52	28	18	27	36	13	54	48	39	24	38	52	47	21	40	25
16	27	33	10000	9	35	9	34	3	4	21	31	17	5	34	23	33	15	42	15	27	23	27	31	20	23	32	23	32	6	35	27	9	24	18	11	23	31	27	28	12	28	27	24	13	13	16
13	19	35	9	10000	30	15	34	10	8	26	23	10	13	27	26	30	22	37	8	19	19	26	27	25	27	27	23	30	5	32	20	16	23	14	3	28	23	19	20	19	21	19	16	17	6	13
20	26	33	35	30	10000	35	25	35	37	38	17	32	39	9	32	11	39	9	32	18	14	20	7	37	35	4	21	16	30	11	33	38	18	17	29	37	32	27	14	38	12	33	28	33	30	20
16	33	25	9	15	35	10000	28	7	12	13	35	25	8	36	15	31	7	40	23	32	22	22	30	12	15	32	19	29	11	32	34	4	21	19	17	15	38	33	31	4	31	34	31	5	20	16
22	42	10	34	34	25	28	10000	32	37	22	37	42	35	31	16	14	28	23	40	36	18	9	20	22	18	22	11	9	31	15	48	31	12	23	34	19	49	44	33	28	31	48	43	24	38	22
16	28	31	3	10	35	7	32	10000	6	19	31	19	5	33	21	32	13	41	17	28	22	25	30	18	21	31	22	31	6	34	29	7	23	18	12	21	32	28	28	10	29	28	25	11	15	16
18	26	36	4	8	37	12	37	6	10000	24	31	15	6	34	26	36	18	43	13	27	25	30	33	23	26	34	26	35	7	37	25	11	27	20	10	26	29	25	28	15	29	25	23	16	12	18
22	43	16	21	26	38	13	22	19	24	10000	42	36	20	40	7	30	8	40	34	39	24	20	32	2	4	34	17	26	22	31	45	14	20	24	28	3	48	43	38	10	37	45	41	9	31	22
21	10	44	31	23	17	35	37	31	31	42	10000	20	35	9	39	26	41	25	21	4	20	30	19	41	41	17	29	29	26	26	18	37	27	19	21	42	16	12	5	38	6	18	14	35	20	21
20	12	45	17	10	32	25	42	19	15	36	20	10000	21	27	36	36	31	40	3	17	25	34	31	35	37	30	31	37	15	37	10	26	30	20	9	38	14	11	20	29	21	10	9	27	5	20
20	31	33	5	13	39	8	35	5	6	20	35	21	10000	38	23	36	13	45	19	32	26	29	34	19	22	35	25	35	10	38	31	6	27	22	15	22	35	31	32	10	33	31	28	12	18	20
20	19	39	34	27	9	36	31	33	34	40	9	27	38	10000	36	19	40	17	27	11	17	25	12	40	38	10	25	23	28	19	26	38	22	17	25	40	25	20	8	39	6	26	22	34	25	20
19	41	11	23	26	32	15	16	21	26	7	39	36	23	36	10000	24	13	34	34	36	20	14	26	7	3	29	12	20	22	25	44	17	15	21	27	5	46	41	34	14	34	44	40	11	31	19
18	33	23	33	30	11	31	14	32	36	30	26	36	36	19	24	10000	33	11	35	26	11	11	7	29	27	9	13	5	29	2	40	34	11	17	30	28	39	34	22	33	20	39	34	27	32	18
21	39	23	15	22	39	7	28	13	18	8	41	31	13	40	13	33	10000	43	29	38	25	24	34	7	11	35	21	30	17	35	41	7	23	24	24	11	44	39	37	3	37	41	37	7	27	21
26	34	33	42	37	9	40	23	41	43	40	25	40	45	17	34	11	43	10000	40	27	19	21	11	39	37	11	23	15	37	10	42	43	21	24	36	39	41	36	23	42	21	42	37	37	38	26
19	14	43	15	8	32	23	40	17	13	34	21	3	19	27	34	35	29	40	10000	17	24	32	30	33	35	29	30	36	13	36	12	23	29	19	7	35	16	13	20	26	21	12	10	25	3	19
18	8	42	27	19	18	32	36	28	27	39	4	17	32	11	36	26	38	27	17	10000	19	28	19	38	38	18	27	29	22	26	16	34	25	16	18	40	15	10	5	35	6	15	11	32	17	18
7	25	24	23	19	14	22	18	22	25	24	20	25	26	17	20	11	25	19	24	19	10000	10	9	24	22	10	9	12	18	13	31	25	7	6	19	24	31	26	16	24	15	30	25	19	22	7
14	34	15	27	26	20	22	9	25	30	20	30	34	29	25	14	11	24	21	32	28	10	10000	14	19	17	16	4	7	23	12	40	26	4	14	26	18	41	35	25	23	24	40	35	18	29	14
15	27	28	31	27	7	30	20	30	33	32	19	31	34	12	26	7	34	11	30	19	9	14	10000	31	29	3	15	11	26	8	34	33	12	13	26	31	33	28	15	32	14	33	28	27	27	15
21	42	16	20	25	37	12	22	18	23	2	41	35	19	40	7	29	7	39	33	38	24	19	31	10000	4	33	17	26	21	31	44	13	19	23	27	4	47	42	37	9	36	44	40	8	30	21
21	42	12	23	27	35	15	18	21	26	4	41	37	22	38	3	27	11	37	35	38	22	17	29	4	10000	31	14	23	23	28	46	17	17	23	28	2	48	43	36	13	36	45	41	11	32	21
16	25	30	32	27	4	32	22	31	34	34	17	30	35	10	29	9	35	11	29	18	10	16	3	33	31	10000	17	13	27	9	33	34	14	14	26	33	32	27	14	34	12	32	27	29	27	16
11	33	15	23	23	21	19	11	22	26	17	29	31	25	25	12	13	21	23	30	27	9	4	15	17	14	17	10000	10	20	15	38	22	3	12	24	16	39	34	25	20	24	38	33	15	27	11
18	36	18	32	30	16	29	9	31	35	26	29	37	35	23	20	5	30	15	36	29	12	7	11	26	23	13	10	10000	28	6	42	32	9	17	30	24	42	37	25	30	23	42	37	25	33	18
12	23	31	6	5	30	11	31	6	7	22	26	15	10	28	22	29	17	37	13	22	18	23	26	21	23	27	20	28	10000	30	24	12	20	13	7	23	27	23	23	14	23	24	21	13	10	12
19	34	24	35	32	11	32	15	34	37	31	26	37	38	19	25	2	35	10	36	26	13	12	8	31	28	9	15	6	30	10000	41	35	12	18	31	30	40	35	22	34	21	40	35	29	33	19
27	8	52	27	20	33	34	48	29	25	45	18	10	31	26	44	40	41	42	12	16	31	40	34	44	46	33	38	42	24	41	10000	35	37	26	18	46	5	7	20	38	22	1	6	36	14	27
19	34	28	9	16	38	4	31	7	11	14	37	26	6	38	17	34	7	43	23	34	25	26	33	13	17	34	22	32	12	35	35	10000	24	22	18	16	39	34	33	4	34	35	32	8	21	19
11	31	18	24	23	18	21	12	23	27	20	27	30	27	22	15	11	23	21	29	25	7	4	12	19	17	14	3	9	20	12	37	24	10000	11	23	19	37	32	22	22	21	36	31	17	26	11
3	21	27	18	14	17	19	23	18	20	24	19	20	22	17	21	17	24	24	19	16	6	14	13	23	23	14	12	17	13	18	26	22	11	10000	14	24	27	22	14	22	14	26	21	17	16	3
13	17	36	11	3	29	17	34	12	10	28	21	9	15	25	27	30	24	36	7	18	19	26	26	27	28	26	24	30	7	31	18	18	23	14	10000	29	21	17	19	21	20	18	14	19	4	13
22	43	13	23	28	37	15	19	21	26	3	42	38	22	40	5	28	11	39	35	40	24	18	31	4	2	33	16	24	23	30	46	16	19	24	29	10000	49	44	38	13	37	46	42	11	33	22
29	7	54	31	23	32	38	49	32	29	48	16	14	35	25	46	39	44	41	16	15	31	41	33	47	48	32	39	42	27	40	5	39	37	27	21	49	10000	6	19	41	20	5	7	39	18	29
23	2	48	27	19	27	33	44	28	25	43	12	11	31	20	41	34	39	36	13	10	26	35	28	42	43	27	34	37	23	35	7	34	32	22	17	44	6	10000	14	37	16	6	3	34	14	23
17	12	39	28	20	14	31	33	28	28	38	5	20	32	8	34	22	37	23	20	5	16	25	15	37	36	14	25	25	23	22	20	33	22	14	19	38	19	14	10000	34	2	19	15	31	19	17
19	37	24	12	19	38	4	28	10	15	10	38	29	10	39	14	33	3	42	26	35	24	23	32	9	13	34	20	30	14	34	38	4	22	22	21	13	41	37	34	10000	34	38	35	6	24	19
16	14	38	28	21	12	31	31	29	29	37	6	21	33	6	34	20	37	21	21	6	15	24	14	36	36	12	24	23	23	21	22	34	21	14	20	37	20	16	2	34	10000	21	17	30	20	16
27	8	52	27	19	33	34	48	28	25	45	18	10	31	26	44	39	41	42	12	15	30	40	33	44	45	32	38	42	24	40	1	35	36	26	18	46	5	6	19	38	21	10000	5	36	14	27
22	4	47	24	16	28	31	43	25	23	41	14	9	28	22	40	34	37	37	10	11	25	35	28	40	41	27	33	37	21	35	6	32	31	21	14	42	7	3	15	35	17	5	10000	32	11	22
15	34	21	13	17	33	5	24	11	16	9	35	27	12	34	11	27	7	37	25	32	19	18	27	8	11	29	15	25	13	29	36	8	17	17	19	11	39	34	31	6	30	36	32	10000	23	15
16	14	40	13	6	30	20	38	15	12	31	20	5	18	25	31	32	27	38	3	17	22	29	27	30	32	27	27	33	10	33	14	21	26	16	4	33	18	14	19	24	20	14	11	23	10000	16
0	23	25	16	13	20	16	22	16	18	22	21	20	20	20	19	18	21	26	19	18	7	14	15	21	21	16	11	18	12	19	27	19	11	3	13	22	29	23	17	19	16	27	22	15	16	0

							

Number of caregivers required for node=
1	1	1	1	1	2	1	1	2	1	1	1	1	1	1	1	1	2	1	1	1	1	1	1	1	1	1	2	1	1	1	1	1	1	1	1	1	1	1	1	1	2	1	1	1	1	1
