Number of nodes=20
Number of caregiver=4 

w1=0.059
w2=0.294
w3=0.235
w4=0.059
w5=0.176
w6=0.059
w7=0.118

alfa_k =0
beta_k =651

tr=80
Set of patients with high fatigue={1, 13, 15, 35, 43}


Time window (alfa,beta)

TW1=
start=0	15	132	186	274	381	94	192	300	351	447	21	158	223	365	480	25	120	203	378	20	192	271	340	21	143	241	418	524	20	172	288	358	409	22	129	211	321	366	22	123	293	480	14	73	383	0
end=217	15	132	186	274	381	94	192	300	351	447	21	158	223	365	480	25	120	203	378	20	192	271	340	21	143	241	418	524	20	172	288	358	409	22	129	211	321	366	22	123	293	480	14	73	383	651

TW2=
start=0	0	72	133	197	317	62	139	208	317	303	0	83	149	386	404	0	33	135	287	0	128	194	274	0	47	229	344	464	0	148	245	0	344	0	41	166	158	337	277	85	226	426	0	0	310	0
end=217	50	200	227	299	409	189	268	357	401	463	65	211	317	500	572	86	219	244	438	83	280	295	391	59	204	345	441	581	59	206	322	80	455	94	183	302	261	461	454	215	354	578	105	164	446	651


TW3=
start=0	0	27	129	197	252	27	139	288	226	379	0	33	108	287	398	0	11	135	261	0	128	186	220	0	5	105	344	402	0	88	210	277	265	0	41	62	213	217	0	59	208	404	0	0	399	0
end=217	65	241	263	334	520	189	268	479	380	535	113	292	350	507	595	132	242	257	515	83	329	357	391	111	279	342	543	636	123	314	428	460	483	144	246	339	370	461	139	215	395	578	105	164	456	651


TW4=
start=0	0	0	17	152	237	10	53	208	254	318	0	0	28	189	487	62	0	23	361	0	12	186	220	0	5	98	321	452	0	50	159	277	257	0	24	0	213	169	27	0	112	404	0	0	240	0
end=217	188	139	272	336	520	189	357	395	506	542	113	292	350	543	595	339	242	394	515	83	329	373	492	215	330	342	543	636	123	352	428	535	557	191	246	215	417	509	241	261	464	638	207	263	508	651


TW5=
start=0	0	0	0	0	0	0	0	0	0	0	0	0	0	0	0	0	0	0	0	0	0	0	0	0	0	0	0	0	0	0	0	0	0	0	0	0	0	0	0	0	0	0	0	0	0	0
end=651	651	651	651	651	651	651	651	651	651	651	651	651	651	651	651	651	651	651	651	651	651	651	651	651	651	651	651	651	651	651	651	651	651	651	651	651	651	651	651	651	651	651	651	651	651	651

Priority level of node=
0	50	40	30	50	30	50	40	20	30	20	40	30	10	50	30	50	50	20	50	20	50	30	20	30	40	20	10	50	20	20	20	50	20	30	30	40	20	40	30	40	50	10	20	10	40	0


Service time of node=
0	90	32	57	68	134	81	81	20	76	70	115	38	59	93	117	62	79	41	58	50	54	56	69	90	69	146	82	105	73	80	41	46	112	84	58	86	13	88	74	68	48	94	38	75	109	0

Start and end of time interval =
interval 1= 0 100
interval 2=101 350
interval 3=351 651 


skill matrix=
Caregiver 1:   1 0 0 0 0 0 0 0 0 0  1  0  0  0  0  0  0  0  0  0  1  1  0  0  0  0  0  0  0  0  0  0  0  0  0  0  0  0  0  0  1  1  0  0  0  0  1
Caregiver 2:   1 0 0 0 0 0 0 0 0 1  0  0  0  0  0  0  0  0  0  1  0  0  1  0  0  0  0  0  0  0  0  0  0  0  0  0  0  0  0  1  0  1  0  0  0  0  1
Caregiver 3:   1 0 0 0 0 0 1 0 1 0  0  0  0  0  0  0  0  0  1  0  0  0  0  1  0  0  0  0  0  0  0  0  0  0  0  0  0  0  1  0  0  0  0  0  0  0  1
Caregiver 4:   1 0 0 0 0 0 0 1 0 0  0  0  0  0  1  0  0  1  0  0  0  0  0  0  1  0  0  0  0  0  0  0  0  0  0  0  0  1  0  0  0  0  0  0  0  0  1
Caregiver 5:   1 0 0 0 0 0 1 0 0 0  0  0  0  0  0  0  1  0  0  0  0  0  0  0  0  1  0  0  0  0  0  0  0  0  0  0  1  0  0  0  0  0  1  0  0  0  1
Caregiver 6:   1 0 0 0 0 1 0 0 0 0  0  0  0  0  1  0  0  0  0  0  0  0  0  0  0  0  1  0  0  0  0  0  0  0  0  1  0  0  0  0  0  0  0  1  0  0  1
Caregiver 7:   1 0 0 0 1 0 0 0 0 0  0  0  0  0  0  1  0  0  0  0  0  0  0  0  0  0  0  1  0  0  0  0  0  0  1  0  0  0  0  0  0  0  0  0  1  0  1
Caregiver 8:   1 0 0 1 1 0 0 0 0 0  0  0  0  1  0  0  0  0  0  0  0  0  0  0  0  0  0  0  1  0  0  0  0  1  0  0  0  0  0  0  0  0  0  0  0  0  1
Caregiver 9:   1 0 1 0 0 0 0 0 0 0  0  0  1  0  0  0  0  0  0  0  0  0  0  0  0  0  0  0  0  1  1  0  1  0  0  0  0  0  0  0  0  0  0  0  0  0  1
Caregiver 10:  1 1 0 0 0 0 0 0 0 0  0  1  0  0  0  0  0  0  0  0  0  0  0  0  0  0  0  0  0  0  1  1  0  0  0  0  0  0  0  0  0  0  0  0  0  1  1




Gender preference matrix=
caregiver 1=0	1	0	1	0	0	1	0	0	0	0	1	0	0	0	1	0	1	1	0	1	0	0	0	1	0	0	1	0	1	0	1	1	0	0	1	0	0	1	0	0	0	1	0	1	1	0
caregiver 2=0	0	1	0	0	1	0	1	0	0	0	0	1	0	1	0	1	0	0	1	0	1	0	1	0	1	0	0	1	0	0	0	0	1	0	0	0	1	0	1	1	0	0	0	0	0	0
caregiver 3=0	1	0	1	0	0	1	0	0	0	0	1	0	0	0	1	0	1	1	0	1	0	0	0	1	0	0	1	0	1	0	1	1	0	0	1	0	0	1	0	0	0	1	0	1	1	0
caregiver 4=0	0	1	0	0	1	0	1	0	0	0	0	1	0	1	0	1	0	0	1	0	1	0	1	0	1	0	0	1	0	0	0	0	1	0	0	0	1	0	1	1	0	0	0	0	0	0
caregiver 5=0	1	0	1	0	0	1	0	0	0	0	1	0	0	0	1	0	1	1	0	1	0	0	0	1	0	0	1	0	1	0	1	1	0	0	1	0	0	1	0	0	0	1	0	1	1	0
caregiver 6=0	0	1	0	0	1	0	1	0	0	0	0	1	0	1	0	1	0	0	1	0	1	0	1	0	1	0	0	1	0	0	0	0	1	0	0	0	1	0	1	1	0	0	0	0	0	0
caregiver 7=0	1	0	1	0	0	1	0	0	0	0	1	0	0	0	1	0	1	1	0	1	0	0	0	1	0	0	1	0	1	0	1	1	0	0	1	0	0	1	0	0	0	1	0	1	1	0
caregiver 8=0	0	1	0	0	1	0	1	0	0	0	0	1	0	1	0	1	0	0	1	0	1	0	1	0	1	0	0	1	0	0	0	0	1	0	0	0	1	0	1	1	0	0	0	0	0	0
caregiver 9=0	1	0	1	0	0	1	0	0	0	0	1	0	0	0	1	0	1	1	0	1	0	0	0	1	0	0	1	0	1	0	1	1	0	0	1	0	0	1	0	0	0	1	0	1	1	0
caregiver 10=0	0	1	0	0	1	0	1	0	0	0	0	1	0	1	0	1	0	0	1	0	1	0	1	0	1	0	0	1	0	0	0	0	1	0	0	0	1	0	1	1	0	0	0	0	0	0


continuty of care score matrix=
caregiver 1=0	3	2	2	3	2	2	3	2	2	1	3	2	1	3	2	3	3	1	3	2	3	2	1	2	2	1	1	3	1	2	2	3	1	2	2	3	1	2	2	3	1	1	2	1	2	0
caregiver 2=0	2	3	2	3	2	2	2	2	1	2	2	2	1	3	2	1	2	2	3	2	1	2	1	1	3	3	1	2	3	1	2	2	2	2	1	2	1	2	1	2	3	2	2	2	1	0
caregiver 3=0	3	3	3	2	2	2	2	2	1	3	3	2	2	2	2	1	2	2	2	2	3	3	2	3	3	3	2	1	2	3	2	2	3	2	2	2	1	1	1	3	1	3	1	1	2	0
caregiver 4=0	3	2	1	1	1	2	1	2	1	1	2	3	2	2	2	2	3	1	3	2	3	2	1	2	2	2	1	1	2	3	3	2	1	2	2	3	1	3	1	3	2	3	3	2	2	0
caregiver 5=0	3	2	1	1	2	1	2	2	2	2	1	3	2	2	2	2	1	2	3	3	1	2	1	2	2	2	1	1	3	3	2	2	1	2	1	1	2	2	2	3	2	2	1	2	2	0
caregiver 6=0	2	1	2	1	1	2	2	2	1	2	2	3	3	3	1	1	3	2	3	2	2	2	2	1	2	2	2	1	3	3	3	3	2	2	3	2	3	2	2	2	2	1	3	2	3	0
caregiver 7=0	3	2	1	3	2	2	1	1	1	1	1	3	2	1	1	3	2	2	1	2	1	1	2	3	1	3	3	3	2	2	2	2	3	1	3	1	3	1	1	2	1	1	2	2	2	0
caregiver 8=0	3	1	2	2	2	2	1	1	2	1	3	2	2	1	3	1	3	2	1	3	3	2	1	1	1	3	1	2	1	1	1	2	2	3	1	3	2	3	2	1	1	2	3	2	2	0
caregiver 9=0	1	2	3	1	2	2	3	2	3	2	3	1	2	2	2	2	1	3	2	3	3	2	2	3	2	2	1	2	2	2	2	3	2	1	3	2	2	2	1	3	1	3	3	2	2	0
caregiver 10=0	2	1	1	2	2	3	1	2	1	2	3	2	1	3	2	3	2	2	2	2	2	2	3	1	2	3	2	3	1	3	3	2	1	1	2	3	1	2	2	2	2	1	2	2	1	0


Travel time=															
0	15	22	17	19	20	9	8	29	3	17	21	17	12	7	22	25	8	10	20	20	18	11	2	21	17	11	20	21	20	23	24	15	13	22	7	18	12	22	22	18	17	17	14	17	22	0
15	10000	24	30	31	17	9	18	42	17	14	11	24	25	13	32	37	7	6	28	18	23	25	14	22	9	22	17	7	12	32	36	27	23	31	12	19	26	11	21	4	16	12	24	32	30	15
22	24	10000	20	38	10	26	15	27	23	35	20	7	31	27	41	23	21	22	8	9	39	22	23	3	32	14	38	27	17	43	23	35	34	42	26	6	22	21	41	24	9	14	35	28	43	22
17	30	20	10000	23	26	25	12	13	16	33	32	14	18	23	27	9	23	25	13	24	31	8	19	22	33	9	35	35	30	30	7	23	23	30	23	21	6	33	37	32	22	26	24	9	32	17
19	31	38	23	10000	38	23	24	31	17	24	39	32	7	19	5	29	26	27	33	37	15	17	19	38	29	24	25	38	39	8	27	6	9	9	19	35	18	40	24	35	35	36	9	15	12	19
20	17	10	26	38	10000	21	16	35	22	30	10	14	32	23	41	31	16	16	17	2	36	25	21	8	25	18	33	18	7	42	31	35	32	41	23	6	25	11	36	15	4	5	34	32	41	20
9	9	26	25	23	21	10000	15	37	10	10	18	23	17	4	24	33	6	6	27	21	16	19	7	24	9	18	13	15	18	24	32	18	15	23	4	21	20	18	16	13	19	17	16	25	22	9
8	18	15	12	24	16	15	10000	24	9	24	21	10	17	14	27	19	12	14	12	15	26	9	10	15	23	4	27	24	19	29	18	21	20	28	14	12	10	21	30	20	13	15	21	17	30	8
29	42	27	13	31	35	37	24	10000	28	45	43	22	28	35	36	5	35	37	19	33	42	20	31	30	45	20	47	47	40	39	6	33	34	39	35	30	18	43	49	43	32	37	35	17	42	29
3	17	23	16	17	22	10	9	28	10000	18	23	18	10	7	20	24	11	12	21	21	17	9	4	23	18	11	20	23	22	21	23	14	11	20	7	19	11	24	22	20	19	19	13	16	21	3
17	14	35	33	24	30	10	24	45	18	10000	25	32	21	11	23	41	15	14	36	30	11	26	15	34	7	27	4	19	26	22	40	19	16	21	11	30	28	25	7	18	28	25	16	31	18	17
21	11	20	32	39	10	18	21	43	23	25	10000	21	33	21	41	38	14	13	25	11	33	29	21	17	19	23	28	9	3	42	38	35	32	41	21	14	30	2	32	8	12	7	33	36	40	21
17	24	7	14	32	14	23	10	22	18	32	21	10000	26	23	36	18	19	20	5	12	35	16	19	8	30	8	35	27	19	38	18	30	29	37	23	8	16	22	38	24	10	15	30	22	39	17
12	25	31	18	7	32	17	17	28	10	21	33	26	10000	14	10	25	20	21	27	31	14	11	13	32	24	18	22	32	32	13	24	5	6	12	14	29	13	33	22	29	29	29	7	12	15	12
7	13	27	23	19	23	4	14	35	7	11	21	23	14	10000	21	31	8	9	26	23	13	16	5	26	11	17	13	19	21	21	30	14	11	20	1	22	18	22	16	16	21	19	12	22	19	7
22	32	41	27	5	41	24	27	36	20	23	41	36	10	21	10000	33	28	29	37	41	13	21	21	42	29	28	24	39	41	4	32	7	10	5	21	38	22	42	22	36	38	38	9	19	9	22
25	37	23	9	29	31	33	19	5	24	41	38	18	25	31	33	10000	31	33	15	29	38	16	27	26	41	16	44	43	36	36	2	30	31	36	31	26	14	39	45	39	28	32	32	14	39	25
8	7	21	23	26	16	6	12	35	11	15	14	19	20	8	28	31	10000	2	22	16	21	18	8	19	12	15	18	13	14	28	30	22	19	27	8	15	19	14	22	10	14	12	20	25	27	8
10	6	22	25	27	16	6	14	37	12	14	13	20	21	9	29	33	2	10000	24	16	21	20	9	20	10	17	17	12	13	29	31	22	19	28	8	16	21	13	21	9	15	12	20	27	27	10
20	28	8	13	33	17	27	12	19	21	36	25	5	27	26	37	15	22	24	10000	15	37	17	22	11	34	10	39	31	23	40	15	32	31	39	26	12	16	26	41	28	14	19	32	22	41	20
20	18	9	24	37	2	21	15	33	21	30	11	12	31	23	41	29	16	16	15	10000	36	24	20	6	25	16	33	19	9	42	29	34	32	41	23	4	24	12	37	16	3	6	33	31	41	20
18	23	39	31	15	36	16	26	42	17	11	33	35	14	13	13	38	21	21	37	36	10000	23	16	38	18	28	11	29	34	11	37	11	8	10	14	34	25	33	9	27	33	32	8	26	7	18
11	25	22	8	17	25	19	9	20	9	26	29	16	11	16	21	16	18	20	17	24	23	10000	12	23	27	9	28	31	27	23	14	16	16	23	16	21	2	30	30	27	21	24	17	8	25	11
2	14	23	19	19	21	7	10	31	4	15	21	19	13	5	21	27	8	9	22	20	16	12	10000	22	15	13	18	20	20	22	26	15	12	21	5	19	14	21	20	17	18	18	14	19	21	2
21	22	3	22	38	8	24	15	30	23	34	17	8	32	26	42	26	19	20	11	6	38	23	22	10000	30	15	37	24	14	43	25	35	34	42	25	4	23	18	40	21	6	11	35	29	43	21
17	9	32	33	29	25	9	23	45	18	7	19	30	24	11	29	41	12	10	34	25	18	27	15	30	10000	26	9	12	20	28	40	24	20	27	11	26	28	18	14	11	24	20	21	33	24	17
11	22	14	9	24	18	18	4	20	11	27	23	8	18	17	28	16	15	17	10	16	28	9	13	15	26	10000	30	27	21	30	15	23	21	30	17	13	8	24	32	23	14	18	23	15	31	11
20	17	38	35	25	33	13	27	47	20	4	28	35	22	13	24	44	18	17	39	33	11	28	18	37	9	30	10000	21	29	22	42	20	17	20	14	33	30	27	5	20	31	28	17	33	17	20
21	7	27	35	38	18	15	24	47	23	19	9	27	32	19	39	43	13	12	31	19	29	31	20	24	12	27	21	10000	11	38	42	33	29	37	19	21	32	8	25	4	18	13	30	38	35	21
20	12	17	30	39	7	18	19	40	22	26	3	19	32	21	41	36	14	13	23	9	34	27	20	14	20	21	29	11	10000	41	35	35	32	40	21	12	28	4	33	10	9	4	33	35	40	20
23	32	43	30	8	42	24	29	39	21	22	42	38	13	21	4	36	28	29	40	42	11	23	22	43	28	30	22	38	41	10000	35	8	10	2	21	40	25	42	19	36	39	39	9	22	6	23
24	36	23	7	27	31	32	18	6	23	40	38	18	24	30	32	2	30	31	15	29	37	14	26	25	40	15	42	42	35	35	10000	28	29	35	30	25	13	38	43	38	27	32	30	13	38	24
15	27	35	23	6	35	18	21	33	14	19	35	30	5	14	7	30	22	22	32	34	11	16	15	35	24	23	20	33	35	8	28	10000	4	8	15	32	17	35	19	30	32	32	4	16	10	15
13	23	34	23	9	32	15	20	34	11	16	32	29	6	11	10	31	19	19	31	32	8	16	12	34	20	21	17	29	32	10	29	4	10000	9	11	30	17	32	16	27	29	29	2	18	10	13
22	31	42	30	9	41	23	28	39	20	21	41	37	12	20	5	36	27	28	39	41	10	23	21	42	27	30	20	37	40	2	35	8	9	10000	20	39	24	41	18	35	38	38	8	23	5	22
7	12	26	23	19	23	4	14	35	7	11	21	23	14	1	21	31	8	8	26	23	14	16	5	25	11	17	14	19	21	21	30	15	11	20	10000	22	18	21	16	16	20	19	12	22	19	7
18	19	6	21	35	6	21	12	30	19	30	14	8	29	22	38	26	15	16	12	4	34	21	19	4	26	13	33	21	12	40	25	32	30	39	22	10000	21	15	36	18	3	8	31	27	39	18
12	26	22	6	18	25	20	10	18	11	28	30	16	13	18	22	14	19	21	16	24	25	2	14	23	28	8	30	32	28	25	13	17	17	24	18	21	10000	30	31	28	22	25	19	7	27	12
22	11	21	33	40	11	18	21	43	24	25	2	22	33	22	42	39	14	13	26	12	33	30	21	18	18	24	27	8	4	42	38	35	32	41	21	15	30	10000	31	7	13	8	33	37	40	22
22	21	41	37	24	36	16	30	49	22	7	32	38	22	16	22	45	22	21	41	37	9	30	20	40	14	32	5	25	33	19	43	19	16	18	16	36	31	31	10000	24	35	32	16	33	14	22
18	4	24	32	35	15	13	20	43	20	18	8	24	29	16	36	39	10	9	28	16	27	27	17	21	11	23	20	4	10	36	38	30	27	35	16	18	28	7	24	10000	16	11	28	34	33	18
17	16	9	22	35	4	19	13	32	19	28	12	10	29	21	38	28	14	15	14	3	33	21	18	6	24	14	31	18	9	39	27	32	29	38	20	3	22	13	35	16	10000	6	31	28	39	17
17	12	14	26	36	5	17	15	37	19	25	7	15	29	19	38	32	12	12	19	6	32	24	18	11	20	18	28	13	4	39	32	32	29	38	19	8	25	8	32	11	6	10000	31	31	38	17
14	24	35	24	9	34	16	21	35	13	16	33	30	7	12	9	32	20	20	32	33	8	17	14	35	21	23	17	30	33	9	30	4	2	8	12	31	19	33	16	28	31	31	10000	19	9	14
17	32	28	9	15	32	25	17	17	16	31	36	22	12	22	19	14	25	27	22	31	26	8	19	29	33	15	33	38	35	22	13	16	18	23	22	27	7	37	33	34	28	31	19	10000	26	17
22	30	43	32	12	41	22	30	42	21	18	40	39	15	19	9	39	27	27	41	41	7	25	21	43	24	31	17	35	40	6	38	10	10	5	19	39	27	40	14	33	39	38	9	26	10000	22
0	15	22	17	19	20	9	8	29	3	17	21	17	12	7	22	25	8	10	20	20	18	11	2	21	17	11	20	21	20	23	24	15	13	22	7	18	12	22	22	18	17	17	14	17	22	0
																													
Number of caregivers required for node=
1	1	1	1	2	1	2	1	1	1	1	1	1	1	2	1	1	1	1	1	1	1	1	1	1	1	1	1	1	1	2	1	1	1	1	1	1	1	1	1	1	2	1	1	1	1	1

