Number of nodes=20
Number of caregiver=4 

w1=0.059
w2=0.294
w3=0.235
w4=0.059
w5=0.176
w6=0.059
w7=0.118

alfa_k =0
beta_k =704

tr=80
Set of patients with high fatigue={3, 9, 11, 24, 25, 27}
 
Time window (alfa,beta)

TW1=
start=0	217	399	474	569	652	135	230	327	455	548	24	93	145	179	281	16	171	301	403	518	21	152	259	337	410	16	149	238	339	486	24	103	189	228	21	84	181	268	13	87	196	260	22	363	465	0
end=234	217	399	474	569	652	135	230	327	455	548	24	93	145	179	281	16	171	301	403	518	21	152	259	337	410	16	149	238	339	486	24	103	189	228	21	84	181	268	13	87	196	260	22	363	465	704

TW2=
start=0	144	354	413	528	586	99	156	281	356	455	0	45	87	143	254	0	107	264	378	428	0	63	192	278	324	0	67	158	240	425	0	46	118	199	0	0	157	209	0	0	126	183	0	326	429	0
end=234	314	493	504	645	723	160	276	363	523	586	50	187	224	231	341	47	267	379	468	596	69	200	318	421	471	100	244	292	436	563	90	123	230	281	81	132	261	302	80	133	288	308	44	426	527	704

TW3=
start=0	98	325	413	521	565	57	96	178	356	417	0	0	87	37	212	0	82	186	327	387	0	41	192	205	312	0	50	92	220	379	0	46	67	192	0	0	70	126	0	0	96	183	0	267	347	0
end=234	314	502	524	707	773	236	317	441	590	696	142	212	224	325	427	127	267	420	468	616	151	269	377	424	489	153	244	361	472	563	90	220	279	295	81	197	320	347	80	133	288	331	129	426	542	704

TW4=
start=0	0	292	375	445	468	2	93	178	258	417	0	0	75	17	97	0	32	186	327	387	0	0	113	205	255	0	0	92	220	354	0	0	50	159	0	0	21	118	0	98	96	100	0	190	346	0
end=234	221	571	582	707	817	311	419	461	590	696	144	212	224	325	428	127	267	420	562	656	151	269	377	485	583	214	244	361	472	682	90	235	279	322	183	238	320	397	182	397	385	371	156	503	542	704


TW5=
start=0	98	325	413	521	565	57	96	178	356	417	0	0	87	37	212	0	82	186	327	387	0	41	192	205	312	0	50	92	220	379	0	46	67	192	0	0	70	126	0	0	96	183	0	267	347	0
end=234	704	704	704	704	704	704	704	704	704	704	704	704	704	704	704	704	704	704	704	704	704	704	704	704	704	704	704	704	704	704	704	704	704	704	704	704	704	704	704	704	704	704	704	704	704	704

Priority level of node=
0	50	40	30	50	30	30	40	20	30	20	40	30	10	50	30	50	50	20	50	20	50	30	20	30	40	20	10	50	20	20	20	50	20	30	30	40	20	40	30	40	20	10	20	10	40	0

Service time of node=
0       125	58	66	68	36	55	93	83	65	73	67	16	17	74	83	126	118	83	91	89	102	79	58	46	75	100	53	73	130	59	37	45	33	109	27	68	65	81	44	68	41	28	69	66	71       0

Start and end of time interval =
interval 1= 0 150
interval 2=151 450
interval 3=451 704



skill matrix=
Caregiver 1:   1 1 0 0 0 0 0 0 0 0  0  0  0  0  0  0  0  0  0  0  1  1  0  0  0  0  0  0  0  0  0  0  0  0  0  0  0  0  0  0  1  1  0  0  0  0  1

Caregiver 2:   1 0 1 0 0 0 0 0 0 0  0  0  0  0  0  0  0  0  0  1  0  0  1  0  0  0  0  0  0  0  0  0  0  0  0  0  0  0  0  1  0  0  1  0  0  0  1

Caregiver 3:   1 0 0 1 0 0 0 0 1 0  0  0  0  0  0  0  0  0  1  0  0  0  0  1  0  0  0  0  0  0  0  0  0  0  0  0  0  0  1  0  0  0  0  0  0  0  1

Caregiver 4:   1 0 0 0 1 0 1 0 0 0  0  0  0  0  0  0  0  1  0  0  0  0  0  0  1  0  0  0  0  0  0  0  0  0  0  0  0  1  0  0  0  0  0  0  0  0  1

Caregiver 5:   1 0 0 0 0 1 0 0 0 0  0  0  0  0  0  0  1  0  0  0  0  0  0  0  0  1  0  0  0  0  0  0  0  0  0  0  1  0  0  0  0  0  0  0  0  1  1

Caregiver 6:   1 0 0 0 0 0 1 0 0 0  0  0  0  0  0  1  0  0  0  0  0  0  0  0  0  0  1  0  0  0  0  0  0  0  0  1  0  0  0  0  0  0  0  1  0  0  1

Caregiver 7:   1 0 0 0 0 1 0 1 0 0  0  0  0  0  1  0  0  0  0  0  0  0  0  0  0  0  0  1  0  0  0  0  0  0  1  0  0  0  0  0  0  0  0  0  0  0  1

Caregiver 8:   1 0 0 0 0 0 0 0 1 0  0  0  0  1  0  0  0  0  0  0  0  0  0  0  0  0  0  0  1  0  0  0  0  1  0  0  0  0  0  0  0  0  0  0  1  0  1

Caregiver 9:   1 0 1 0 0 0 0 0 0 1  0  0  1  0  0  0  0  0  0  0  0  0  0  0  0  0  0  0  0  1  0  0  1  0  0  0  0  0  0  0  0  0  0  0  0  0  1

Caregiver 10:  1 1 0 0 0 0 0 0 0 0  1  1  0  0  0  0  0  0  0  0  0  0  0  0  0  0  0  0  0  0  1  1  0  0  0  0  0  0  0  0  0  0  0  0  0  0  1


Gender preference matrix=
caregiver 1=0	1	0	1	0	0	1	0	0	0	0	1	0	0	0	1	0	1	1	0	1	0	0	0	1	0	0	1	0	1	0	1	1	0	0	1	0	0	1	0	0	0	1	0	1	1	0
caregiver 2=0	0	1	0	0	1	0	1	0	0	0	0	1	0	1	0	1	0	0	1	0	1	0	1	0	1	0	0	1	0	0	0	0	1	0	0	0	1	0	1	1	0	0	0	0	0	0
caregiver 3=0	1	0	1	0	0	1	0	0	0	0	1	0	0	0	1	0	1	1	0	1	0	0	0	1	0	0	1	0	1	0	1	1	0	0	1	0	0	1	0	0	0	1	0	1	1	0
caregiver 4=0	0	1	0	0	1	0	1	0	0	0	0	1	0	1	0	1	0	0	1	0	1	0	1	0	1	0	0	1	0	0	0	0	1	0	0	0	1	0	1	1	0	0	0	0	0	0
caregiver 5=0	1	0	1	0	0	1	0	0	0	0	1	0	0	0	1	0	1	1	0	1	0	0	0	1	0	0	1	0	1	0	1	1	0	0	1	0	0	1	0	0	0	1	0	1	1	0
caregiver 6=0	0	1	0	0	1	0	1	0	0	0	0	1	0	1	0	1	0	0	1	0	1	0	1	0	1	0	0	1	0	0	0	0	1	0	0	0	1	0	1	1	0	0	0	0	0	0
caregiver 7=0	1	0	1	0	0	1	0	0	0	0	1	0	0	0	1	0	1	1	0	1	0	0	0	1	0	0	1	0	1	0	1	1	0	0	1	0	0	1	0	0	0	1	0	1	1	0
caregiver 8=0	0	1	0	0	1	0	1	0	0	0	0	1	0	1	0	1	0	0	1	0	1	0	1	0	1	0	0	1	0	0	0	0	1	0	0	0	1	0	1	1	0	0	0	0	0	0
caregiver 9=0	1	0	1	0	0	1	0	0	0	0	1	0	0	0	1	0	1	1	0	1	0	0	0	1	0	0	1	0	1	0	1	1	0	0	1	0	0	1	0	0	0	1	0	1	1	0
caregiver 10=0	0	1	0	0	1	0	1	0	0	0	0	1	0	1	0	1	0	0	1	0	1	0	1	0	1	0	0	1	0	0	0	0	1	0	0	0	1	0	1	1	0	0	0	0	0	0


continuty of care score matrix=
caregiver 1=0	3	2	2	3	2	2	3	2	2	1	3	2	1	3	2	3	3	1	3	2	3	2	1	2	2	1	1	3	1	2	2	3	1	2	2	3	1	2	2	3	1	1	2	1	2	0
caregiver 2=0	2	3	2	3	2	2	2	2	1	2	2	2	1	3	2	1	2	2	3	2	1	2	1	1	3	3	1	2	3	1	2	2	2	2	1	2	1	2	1	2	3	2	2	2	1	0
caregiver 3=0	3	3	3	2	2	2	2	2	1	3	3	2	2	2	2	1	2	2	2	2	3	3	2	3	3	3	2	1	2	3	2	2	3	2	2	2	1	1	1	3	1	3	1	1	2	0
caregiver 4=0	3	2	1	1	1	2	1	2	1	1	2	3	2	2	2	2	3	1	3	2	3	2	1	2	2	2	1	1	2	3	3	2	1	2	2	3	1	3	1	3	2	3	3	2	2	0
caregiver 5=0	3	2	1	1	2	1	2	2	2	2	1	3	2	2	2	2	1	2	3	3	1	2	1	2	2	2	1	1	3	3	2	2	1	2	1	1	2	2	2	3	2	2	1	2	2	0
caregiver 6=0	2	1	2	1	1	2	2	2	1	2	2	3	3	3	1	1	3	2	3	2	2	2	2	1	2	2	2	1	3	3	3	3	2	2	3	2	3	2	2	2	2	1	3	2	3	0
caregiver 7=0	3	2	1	3	2	2	1	1	1	1	1	3	2	1	1	3	2	2	1	2	1	1	2	3	1	3	3	3	2	2	2	2	3	1	3	1	3	1	1	2	1	1	2	2	2	0
caregiver 8=0	3	1	2	2	2	2	1	1	2	1	3	2	2	1	3	1	3	2	1	3	3	2	1	1	1	3	1	2	1	1	1	2	2	3	1	3	2	3	2	1	1	2	3	2	2	0
caregiver 9=0	1	2	3	1	2	2	3	2	3	2	3	1	2	2	2	2	1	3	2	3	3	2	2	3	2	2	1	2	2	2	2	3	2	1	3	2	2	2	1	3	1	3	3	2	2	0
caregiver 10=0	2	1	1	2	2	3	1	2	1	2	3	2	1	3	2	3	2	2	2	2	2	2	3	1	2	3	2	3	1	3	3	2	1	1	2	3	1	2	2	2	2	1	2	2	1	0


										Travel time=		
0	13	27	13	20	15	23	25	27	21	13	24	24	14	18	20	16	14	7	13	19	21	11	15	16	12	16	21	25	17	28	24	22	17	13	21	25	3	21	13	20	22	9	22	16	18	0
13	10000	23	14	33	26	25	15	16	33	20	31	31	24	30	26	10	26	18	18	6	18	13	26	27	12	18	15	36	27	36	37	16	26	24	33	20	15	30	13	19	32	21	32	18	24	13
27	23	10000	15	39	27	11	34	36	45	19	50	50	25	38	46	33	36	33	17	25	41	16	41	31	33	40	8	37	43	54	41	8	43	39	33	4	28	48	35	8	48	29	49	14	43	27
13	14	15	10000	27	16	12	28	29	32	8	37	36	14	25	33	22	23	19	5	19	30	2	27	19	21	27	10	27	29	40	29	12	29	25	23	13	14	34	23	7	34	16	35	5	30	13
20	33	39	27	10000	12	30	45	46	11	21	27	27	15	3	27	34	8	18	23	38	36	26	14	9	29	29	36	10	16	29	5	38	20	17	10	39	18	22	29	31	18	12	21	26	26	20
15	26	27	16	12	10000	18	39	41	21	9	33	32	3	11	31	30	13	17	12	31	35	16	20	4	26	30	25	11	22	36	14	27	25	20	8	27	14	29	27	20	26	9	28	14	29	15
23	25	11	12	30	18	10000	38	40	38	11	46	46	16	29	43	34	29	29	11	29	41	13	35	22	32	38	14	26	37	50	31	16	38	34	23	13	24	43	34	7	42	22	43	8	40	23
25	15	34	28	45	39	38	10000	2	42	34	35	34	38	42	30	12	37	28	32	10	15	27	35	40	17	21	27	49	35	39	49	26	32	32	46	31	27	35	18	32	39	34	38	32	28	25
27	16	36	29	46	41	40	2	10000	44	36	35	35	39	44	30	13	39	29	34	11	16	29	36	42	18	22	28	51	37	39	50	28	33	33	48	32	29	36	19	33	40	35	39	34	28	27
21	33	45	32	11	21	38	42	44	10000	27	18	17	23	11	19	31	10	16	29	38	31	30	8	18	26	24	40	21	8	18	15	42	13	11	21	44	19	13	26	37	8	16	11	32	19	21
13	20	19	8	21	9	11	34	36	27	10000	36	35	6	19	33	27	18	18	3	25	33	8	24	12	24	29	16	19	26	39	23	19	28	23	16	19	14	32	26	11	31	12	32	6	30	13
24	31	50	37	27	33	46	35	35	18	36	10000	1	34	26	6	24	21	18	36	34	20	35	14	31	21	14	44	36	12	5	32	45	9	13	35	48	23	5	19	43	10	25	7	39	8	24
24	31	50	36	27	32	46	34	35	17	35	1	10000	33	25	5	24	21	18	36	34	20	34	13	30	20	14	43	36	11	5	31	44	8	13	35	48	22	5	18	43	10	25	7	38	8	24
14	24	25	14	15	3	16	38	39	23	6	34	33	10000	14	31	29	14	17	9	29	35	13	21	7	26	29	22	14	23	37	17	25	26	21	10	25	14	30	27	17	28	9	29	12	29	14
18	30	38	25	3	11	29	42	44	11	19	26	25	14	10000	25	32	6	15	21	36	34	24	13	8	27	27	34	11	14	27	8	36	18	15	11	37	16	21	27	30	17	10	20	24	24	18
20	26	46	33	27	31	43	30	30	19	33	6	5	31	25	10000	19	20	15	33	29	16	31	13	29	15	9	39	36	12	10	32	41	7	11	34	44	19	7	14	39	12	23	10	35	3	20
16	10	33	22	34	30	34	12	13	31	27	24	24	29	32	19	10000	26	17	25	11	8	21	24	31	6	10	25	40	24	29	38	26	21	21	37	30	17	24	6	28	28	24	27	27	17	16
14	26	36	23	8	13	29	37	39	10	18	21	21	14	6	20	26	10000	10	20	31	29	22	8	10	21	22	32	16	10	24	13	34	14	9	15	35	11	17	22	28	14	7	16	23	19	14
7	18	33	19	18	17	29	28	29	16	18	18	18	17	15	15	17	10	10000	18	23	20	18	9	16	12	13	27	24	10	22	22	29	10	7	22	31	5	15	12	26	15	9	16	21	13	7
13	18	17	5	23	12	11	32	34	29	3	36	36	9	21	33	25	20	18	10000	23	32	6	25	15	23	28	14	22	27	40	25	16	28	24	18	16	14	33	25	9	32	13	33	4	30	13
19	6	25	19	38	31	29	10	11	38	25	34	34	29	36	29	11	31	23	23	10000	18	18	31	33	14	21	18	42	32	38	42	17	29	28	38	22	21	34	16	22	36	27	36	23	27	19
21	18	41	30	36	35	41	15	16	31	33	20	20	35	34	16	8	29	20	32	18	10000	28	24	35	10	8	33	44	24	24	41	34	20	21	41	38	22	22	8	36	26	28	25	34	14	21
11	13	16	2	26	16	13	27	29	30	8	35	34	13	24	31	21	22	18	6	18	28	10000	25	18	19	26	11	27	27	39	29	13	27	24	23	14	13	32	21	9	32	15	33	6	28	11
15	26	41	27	14	20	35	35	36	8	24	14	13	21	13	13	24	8	9	25	31	24	25	10000	17	19	17	35	23	3	16	19	37	6	4	22	39	13	9	18	33	7	13	9	28	12	15
16	27	31	19	9	4	22	40	42	18	12	31	30	7	8	29	31	10	16	15	33	35	18	17	10000	26	29	28	10	19	33	11	30	23	18	6	31	14	26	27	23	23	8	26	18	27	16
12	12	33	21	29	26	32	17	18	26	24	21	20	26	27	15	6	21	12	23	14	10	19	19	26	10000	7	25	35	19	25	34	27	16	16	32	30	13	20	2	27	23	19	22	25	13	12
16	18	40	27	29	30	38	21	22	24	29	14	14	29	27	9	10	22	13	28	21	8	26	17	29	7	10000	32	37	16	19	34	33	12	14	35	37	16	15	6	34	19	22	18	31	7	16
21	15	8	10	36	25	14	27	28	40	16	44	43	22	34	39	25	32	27	14	18	33	11	35	28	25	32	10000	35	37	48	38	3	37	33	32	5	22	41	27	7	42	25	42	11	36	21
25	36	37	27	10	11	26	49	51	21	19	36	36	14	11	36	40	16	24	22	42	44	27	23	10	35	37	35	10000	25	38	7	38	29	25	4	37	23	32	36	30	28	17	30	24	34	25
17	27	43	29	16	22	37	35	37	8	26	12	11	23	14	12	24	10	10	27	32	24	27	3	19	19	16	37	25	10000	14	20	39	5	4	24	41	15	7	18	35	5	15	7	30	11	17
28	36	54	40	29	36	50	39	39	18	39	5	5	37	27	10	29	24	22	40	38	24	39	16	33	25	19	48	38	14	10000	33	49	12	16	37	52	27	8	23	47	11	28	8	43	12	28
24	37	41	29	5	14	31	49	50	15	23	32	31	17	8	32	38	13	22	25	42	41	29	19	11	34	34	38	7	20	33	10000	41	25	21	9	41	22	27	34	33	22	16	25	28	31	24
22	16	8	12	38	27	16	26	28	42	19	45	44	25	36	41	26	34	29	16	17	34	13	37	30	27	33	3	38	39	49	41	10000	38	35	34	5	24	43	28	9	44	27	44	14	38	22
17	26	43	29	20	25	38	32	33	13	28	9	8	26	18	7	21	14	10	28	29	20	27	6	23	16	12	37	29	5	12	25	38	10000	5	28	41	15	5	15	36	7	17	7	31	7	17
13	24	39	25	17	20	34	32	33	11	23	13	13	21	15	11	21	9	7	24	28	21	24	4	18	16	14	33	25	4	16	21	35	5	10000	23	38	11	9	15	32	9	13	10	27	10	13
21	33	33	23	10	8	23	46	48	21	16	35	35	10	11	34	37	15	22	18	38	41	23	22	6	32	35	32	4	24	37	9	34	28	23	0	34	20	31	33	26	27	14	30	21	33	21
25	20	4	13	39	27	13	31	32	44	19	48	48	25	37	44	30	35	31	16	22	38	14	39	31	30	37	5	37	41	52	41	5	41	38	34	10000	27	46	32	8	46	28	47	14	41	25
3	15	28	14	18	14	24	27	29	19	14	23	22	14	16	19	17	11	5	14	21	22	13	13	14	13	16	22	23	15	27	22	24	15	11	20	27	10000	20	14	21	20	7	21	17	17	3
21	30	48	34	22	29	43	35	36	13	32	5	5	30	21	7	24	17	15	33	34	22	32	9	26	20	15	41	32	7	8	27	43	5	9	31	46	20	10000	19	40	5	21	3	36	8	21
13	13	35	23	29	27	34	18	19	26	26	19	18	27	27	14	6	22	12	25	16	8	21	18	27	2	6	27	36	18	23	34	28	15	15	33	32	14	19	10000	29	22	20	21	27	11	13
20	19	8	7	31	20	7	32	33	37	11	43	43	17	30	39	28	28	26	9	22	36	9	33	23	27	34	7	30	35	47	33	9	36	32	26	8	21	40	29	10000	40	22	41	6	37	20
22	32	48	34	18	26	42	39	40	8	31	10	10	28	17	12	28	14	15	32	36	26	32	7	23	23	19	42	28	5	11	22	44	7	9	27	46	20	5	22	40	10000	20	3	35	13	22
9	21	29	16	12	9	22	34	35	16	12	25	25	9	10	23	24	7	9	13	27	28	15	13	8	19	22	25	17	15	28	16	27	17	13	14	28	7	21	20	22	20	10000	21	16	21	9
22	32	49	35	21	28	43	38	39	11	32	7	7	29	20	10	27	16	16	33	36	25	33	9	26	22	18	42	30	7	8	25	44	7	10	30	47	21	3	21	41	3	21	10000	36	11	22
16	18	14	5	26	14	8	32	34	32	6	39	38	12	24	35	27	23	21	4	23	34	6	28	18	25	31	11	24	30	43	28	14	31	27	21	14	17	36	27	6	35	16	36	10000	33	16
18	24	43	30	26	29	40	28	28	19	30	8	8	29	24	3	17	19	13	30	27	14	28	12	27	13	7	36	34	11	12	31	38	7	10	33	41	17	8	11	37	13	21	11	33	10000	18
0	13	27	13	20	15	23	25	27	21	13	24	24	14	18	20	16	14	7	13	19	21	11	15	16	12	16	21	25	17	28	24	22	17	13	21	25	3	21	13	20	22	9	22	16	18	0

																		
Number of caregivers required for node=
1	2	2	1	1	2	2	1	2	1	1	1	1	1	1	1	1	1	1	1	1	1	1	1	1	1	1	1	1	1	1	1	1	1	1	1	1	1	1	1	1	1	1	1	1	1	1

