Number of nodes=20
Number of caregiver=4 

w1=0.059
w2=0.294
w3=0.235
w4=0.059
w5=0.176
w6=0.059
w7=0.118

alfa_k =0
beta_k =730

tr=80
Set of patients with high fatigue={6, 7, 8, 11, 15}

Time window (alfa,beta)

TW1=
start=0	      15	99	337	424	544	21	166	239	350	439	13	68	568	675	21	110	215	419	0
end=243	15	99	337	424	544	21	166	239	350	439	13	68	568	675	21	110	215	419	730

TW2=
start=0		0	56	305	393	485	0	135	179	297	385	0	2	493	654	0	86	176	399	0
end=230		99	119	387	460	616	105	264	299	410	516	75	144	620	715	102	133	247	479	730

TW3=
start=0		0	11	242	303	397	0	40	136	268	365	0	2	435	540	0	26	95	272	0
end=243		126	139	408	533	645	125	264	299	438	548	105	144	640	726	135	245	289	495	730

TW4=
start=0	       0	0	237	251	356	0	25	136	247	0	365	0	435	540	0	0	95	272	0
end=230	       126	140	523	562	645	125	347	399	506	187	630	247	710	726	135	265	345	550	730

TW5=
start=0	       0	0	0	0	0	0	0	0	0	0	0	0	0	0	0	0	0	0	0
end=243	       730	730	730	730	730	730	730	730	730	730	730	730	730	730	730	730	730	730	730

Priority level of node=
0	40	20	30	50	10	30	40	30	50	10	50	40	50	10	30	10	20	40	0

Service time of node=
0  58	92	52	102	61	111	32	71	63	77	24	15	76	46	51	84	105	79  0

Start and end of time interval =
interval 1= 0 240
interval 2=241 485
interval 3=486 730 


Skill matrix=
Caregiver 1:  1 0 0 1 0 0 0 0 1 1  0  0  0  0  0  0  1  1  0  1
Caregiver 2:  1 0 0 0 1 0 0 1 0 0  1  0  0  0  0  1  0  0  1  1
Caregiver 3:  1 0 1 1 0 0 1 0 0 0  0  1  0  0  1  0  0  0  0  1
Caregiver 4:  1 1 0 0 1 1 0 0 0 0  0  0  1  1  0  0  0  0  0  1

Gender preference matrix=
caregiver 1=0	1	0	1	1	1	0	0	1	0	1	1	0	0	0	1	0	0	0	0
caregiver 2=0	0	0	0	0	0	1	1	0	0	0	0	1	0	1	0	1	1	1	0
caregiver 3=0	1	0	1	1	1	0	0	1	0	1	1	0	0	0	1	0	0	0	0
caregiver 4=0	0	0	0	0	0	1	1	0	0	0	0	1	0	1	0	1	1	1	0

continuty of care score matrix=
caregiver 1=0	3	2	2	2	3	3	1	2	2	2	3	1	1	1	1	3	1	2	0
caregiver 2=0	1	2	2	1	3	2	3	3	2	1	2	3	1	3	3	3	2	3	0
caregiver 3=0	3	3	3	1	3	1	1	1	3	3	3	3	2	3	2	1	2	2	0
caregiver 4=0	1	3	2	3	3	2	1	1	1	2	2	2	1	2	3	1	3	2	0


Travel time=																			
0	15	12	18	18	16	21	20	24	16	16	13	17	24	9	21	15	4	10	0
15	10000	23	30	4	12	17	14	38	11	16	9	31	37	10	23	20	15	11	15
12	23	10000	24	25	27	19	31	22	18	28	24	11	26	20	32	9	15	13	12
18	30	24	10000	33	23	38	26	16	33	20	23	18	9	20	18	31	15	28	18
18	4	25	33	10000	15	17	16	42	11	19	12	34	41	14	26	22	19	13	18
16	12	27	23	15	10000	28	5	35	22	5	4	31	31	7	11	28	13	19	16
21	17	19	38	17	28	10000	31	41	7	32	25	30	43	23	38	12	24	11	21
20	14	31	26	16	5	31	10000	39	24	7	7	35	34	11	12	32	17	23	20
24	38	22	16	42	35	41	39	10000	38	33	35	11	10	30	33	30	24	32	24
16	11	18	33	11	22	7	24	38	10000	25	18	28	39	17	31	12	19	7	16
16	16	28	20	19	5	32	7	33	25	10000	8	30	28	9	7	30	13	22	16
13	9	24	23	12	4	25	7	35	18	8	10000	29	31	5	14	25	12	16	13
17	31	11	18	34	31	30	35	11	28	30	29	10000	18	25	32	20	18	23	17
24	37	26	9	41	31	43	34	10	39	28	31	18	10000	28	26	34	22	33	24
9	10	20	20	14	7	23	11	30	17	9	5	25	28	10000	15	21	7	13	9
21	23	32	18	26	11	38	12	33	31	7	14	32	26	15	10000	35	17	28	21
15	20	9	31	22	28	12	32	30	12	30	25	20	34	21	35	10000	19	10	15
4	15	15	15	19	13	24	17	24	19	13	12	18	22	7	17	19	10000	13	4
10	11	13	28	13	19	11	23	32	7	22	16	23	33	13	28	10	13	10000	10
0	15	12	18	18	16	21	20	24	16	16	13	17	24	9	21	15	4	10	0
																			
															


Number of caregivers required for node=
1       1	 1	2	2	1	1	1	1	1	1	1	1	1	1	1	1	1	1      1
