Number of nodes=74
Number of caregiver=16 

w1=0.059
w2=0.294
w3=0.235
w4=0.059
w5=0.176
w6=0.059
w7=0.118

alfa_k =0
beta_k =643

tr=80
Set of patients with high fatigue={3, 7, 13, 18, 27, 28, 58, 62, 67, 71}
 
Time window (alfa,beta)

TW1=
start=0	207	247	352	486	549	222	343	385	459	571	198	299	369	461	552	256	323	365	454	521	157	248	346	453	573	198	411	495	566	212	275	345	542	123	218	364	446	531	12	108	227	457	336	120	199	539	139	326	490	539	190	311	408	498	538	12	145	195	371	11	105	393	489	151	409	496	537	67	149	268	426	538	0
end=215	207	247	352	486	549	222	343	385	459	571	198	299	369	461	552	256	323	365	454	521	157	248	346	453	573	198	411	495	566	212	275	345	542	123	218	364	446	531	12	108	227	457	336	120	199	539	139	326	490	539	190	311	408	498	538	12	145	195	371	11	105	393	489	151	409	496	537	67	149	268	426	538	643

TW2=
start=0	183	194	297	404	490	158	249	323	419	547	132	278	281	426	485	176	288	284	426	435	117	194	270	432	496	166	374	471	498	188	183	261	493	32	185	275	426	508	0	50	140	393	239	71	133	471	40	231	414	496	159	287	343	449	501	0	121	123	321	0	55	345	419	82	349	397	454	7	119	239	406	457	0
end=215	286	308	387	542	577	255	401	470	503	596	264	345	439	535	592	316	410	430	519	551	250	339	421	486	595	289	455	591	656	242	312	410	630	148	262	434	524	626	106	200	283	551	397	164	296	592	195	420	560	626	277	367	443	576	615	35	217	249	463	66	176	417	514	247	446	530	634	114	169	293	516	575	643


TW3=
start=0	103	133	272	392	474	158	249	304	375	428	132	263	238	402	472	161	177	236	382	422	33	194	270	373	458	65	357	427	478	156	183	261	402	32	70	275	356	446	0	47	104	393	199	68	132	464	40	197	341	413	66	217	294	389	430	0	59	123	311	0	55	268	383	75	349	387	451	0	73	233	282	420	0
end=215	308	322	425	542	675	266	417	504	577	701	314	348	439	543	662	370	462	490	557	627	250	397	461	501	720	289	503	593	656	353	347	443	650	196	355	440	562	649	106	240	337	551	397	198	322	646	240	420	620	659	316	414	512	576	615	103	283	266	463	114	176	524	525	297	498	641	659	142	277	326	516	645	643


TW4=
start=0	103	99	272	388	391	158	185	304	316	428	42	171	238	306	472	69	177	236	266	361	2	154	192	373	458	65	221	351	434	20	143	204	402	32	40	232	356	424	0	47	79	273	163	50	106	350	40	140	341	413	60	115	294	344	419	0	59	0	311	0	0	268	383	75	349	387	405	0	73	218	282	420	0
end=215	356	353	439	626	681	396	486	504	577	701	382	396	480	606	662	370	462	490	596	627	348	397	461	541	737	310	528	681	656	353	398	510	703	317	355	440	562	649	106	240	360	551	469	231	326	672	315	478	620	659	316	488	557	697	620	111	283	297	499	204	176	524	664	297	498	641	682	163	277	407	618	645	643


TW5=
start=0	0	0	0	0	0	0	0	0	0	0	0	0	0	0	0	0	0	0	0	0	0	0	0	0	0	0	0	0	0	0	0	0	0	0	0	0	0	0	0	0	0	0	0	0	0	0	0	0	0	0	0	0	0	0	0	0	0	0	0	0	0	0	0	0	0	0	0	0	0	0	0	0	0
end=643	643	643	643	643	643	643	643	643	643	643	643	643	643	643	643	643	643	643	643	643	643	643	643	643	643	643	643	643	643	643	643	643	643	643	643	643	643	643	643	643	643	643	643	643	643	643	643	643	643	643	643	643	643	643	643	643	643	643	643	643	643	643	643	643	643	643	643	643	643	643	643	643	643


Priority level of node=
0	30	30	10	50	10	50	20	50	40	20	20	50	10	20	20	10	30	40	30	20	40	30	50	40	40	20	10	50	30	10	30	30	30	50	30	20	40	40	50	30	10	30	10	50	40	40	40	20	30	50	40	20	10	50	30	30	30	30	10	20	20	40	50	30	20	20	40	30	10	50	30	40	0

Service time of node=
0	11	80	119	46	81	109	34	62	96	61	67	39	83	80	80	58	11	64	53	112	76	85	85	76	63	49	61	62	65	44	51	100	96	85	107	66	71	96	79	99	65	73	95	66	125	86	63	115	44	88	117	77	73	18	92	108	38	72	98	77	40	88	147	30	69	22	98	57	88	128	87	86       0


Start and end of time interval =
interval 1= 0 150
interval 2=151 350
interval 3=351 643


skill matrix=
Caregiver 1:   1 1 0 0 0 0 0 0 0 0 0 0 0 0 0 0 0 0 0 0 0 0 0 0 0 0 0 0 0 0 0 0 1 1 0 0 0 0 0 0 0 0 0 0 0 0 0 0 0 0 0 0 0 0 0 0 0 0 0 0 0 0 0 0 1 1 0 0 0 0 0 0 0 1
Caregiver 2:   1 0 1 0 0 0 0 0 0 0 0 0 0 0 0 0 0 0 0 0 0 1 0 0 0 0 0 0 0 0 0 1 0 0 1 0 0 0 0 0 0 0 0 0 0 0 0 0 0 0 0 0 0 0 0 0 0 0 0 0 0 0 0 1 0 0 0 0 0 0 0 0 0 1
Caregiver 3:   1 0 0 1 0 0 0 0 0 0 0 0 0 0 0 0 1 0 0 0 0 0 0 0 0 0 0 0 0 0 1 0 0 0 0 1 0 0 0 0 0 0 0 0 0 0 0 0 0 0 0 0 0 0 0 0 0 0 0 0 0 0 1 0 0 0 0 0 0 0 0 0 0 1
Caregiver 4:   1 0 0 0 1 0 0 0 0 0 0 0 0 0 0 0 0 0 0 0 0 0 0 0 0 0 0 0 0 1 0 0 0 0 0 0 1 0 0 0 0 0 0 0 1 0 0 0 0 0 0 0 0 0 0 0 0 0 0 0 0 1 0 0 0 0 0 0 0 0 0 0 0 1
Caregiver 5:   1 0 0 0 0 1 0 0 0 0 0 0 0 0 0 0 0 0 0 0 0 0 0 0 0 0 0 0 1 0 0 0 0 0 0 0 0 1 0 0 0 0 0 0 0 1 0 0 0 0 0 0 0 0 0 0 0 0 0 0 1 0 0 0 0 0 0 0 0 0 0 0 0 1
Caregiver 6:   1 0 0 0 0 0 1 0 0 0 0 0 0 0 0 0 0 0 0 0 0 0 0 0 0 0 0 1 0 0 0 0 0 0 0 0 0 0 1 0 0 0 0 1 0 0 0 0 0 0 0 0 0 0 0 0 0 0 0 1 0 0 0 0 0 0 0 0 0 0 0 0 0 1
Caregiver 7:   1 0 0 0 0 0 0 1 0 0 0 0 1 0 0 0 0 0 0 0 0 0 0 0 0 0 1 0 0 0 0 0 0 0 0 0 0 0 0 1 0 0 0 0 0 0 0 0 0 0 0 0 0 0 0 0 0 0 1 0 0 0 0 0 0 0 0 0 0 0 0 0 0 1
Caregiver 8:   1 0 0 0 0 0 0 0 1 0 0 0 0 0 0 0 0 0 0 0 0 0 0 0 1 1 0 0 0 0 0 0 0 0 0 0 0 0 0 0 1 0 0 0 0 0 0 0 0 0 0 0 0 0 0 0 0 1 0 0 0 0 0 0 0 0 0 0 0 0 0 0 0 1
Caregiver 9:   1 0 0 0 0 0 0 0 0 1 0 0 0 0 0 0 0 0 0 0 0 0 0 0 1 0 0 0 0 0 0 0 0 0 0 0 0 0 0 0 0 1 0 0 0 0 0 0 0 0 0 0 0 0 0 0 1 0 0 0 0 0 0 0 0 0 0 0 0 0 0 0 1 1
Caregiver 10:  1 1 0 0 0 0 0 0 0 0 1 0 0 0 0 0 0 0 0 0 0 0 0 1 0 0 0 0 0 0 0 0 0 0 0 0 0 0 0 0 0 0 1 0 0 0 0 0 0 0 0 0 0 0 0 1 0 0 0 0 0 0 0 0 0 0 0 0 0 0 0 0 0 1
Caregiver 11:  1 0 0 0 0 0 0 0 0 0 0 1 0 0 0 0 0 0 0 0 0 0 1 0 0 0 0 0 0 0 0 0 0 0 0 0 0 0 0 0 0 0 0 1 0 0 0 0 0 0 0 0 0 0 1 0 0 0 0 0 0 0 0 0 0 0 0 0 0 0 0 1 0 1
Caregiver 12:  1 0 0 0 0 0 0 0 0 0 0 0 1 0 1 0 0 0 1 0 0 0 0 0 0 0 0 0 0 0 0 0 0 0 0 0 0 0 0 0 0 0 0 0 0 0 0 0 0 0 0 0 0 1 0 0 0 0 0 0 0 0 0 0 0 0 0 0 0 0 1 0 0 1
Caregiver 13:  1 0 0 0 0 0 0 0 0 0 0 0 0 1 0 0 0 0 0 0 1 0 0 0 0 0 0 0 0 0 0 0 0 0 0 0 0 0 0 0 0 0 0 0 0 1 0 0 0 0 0 0 1 0 0 0 0 0 0 0 0 0 0 0 0 0 0 0 0 0 0 1 0 1
Caregiver 14:  1 0 0 0 0 0 0 0 0 0 0 0 0 0 0 0 0 0 0 1 0 0 0 0 0 0 0 0 0 0 0 0 0 0 0 0 0 0 0 0 0 0 0 0 1 0 1 0 0 0 0 1 0 0 0 0 0 0 0 0 0 0 0 0 0 0 0 0 1 0 0 0 0 1
Caregiver 15:  1 0 0 0 0 0 0 0 0 0 0 0 0 0 0 1 0 0 0 0 0 1 0 0 0 0 0 0 0 0 0 0 0 0 0 0 0 0 0 0 0 0 0 0 0 0 0 1 0 0 1 0 0 0 0 0 0 0 0 0 0 0 0 0 0 0 0 1 0 0 0 0 0 1
Caregiver 16:  1 0 0 0 0 0 0 0 0 0 0 0 0 0 0 0 1 1 0 0 0 0 0 0 0 0 0 0 0 0 0 0 0 0 0 0 0 0 0 0 0 0 0 0 0 0 0 0 1 1 0 0 0 0 0 0 0 0 0 0 0 0 0 0 0 0 0 0 1 0 0 0 0 1

	

Gender preference matrix=
caregiver 1=0	1	0	1	1	0	0	1	1	1	0	0	0	0	0	1	1	1	0	1	0	1	0	0	0	0	0	0	1	0	0	0	1	0	1	1	1	0	0	1	1	0	0	0	0	0	1	0	0	1	0	1	1	0	0	0	1	0	1	0	0	1	1	0	1	1	0	1	0	0	0	1	1	0
caregiver 2=0	0	1	0	0	1	1	0	0	0	1	1	0	1	1	0	0	0	1	0	1	0	1	1	1	1	1	1	0	0	1	1	0	1	0	0	0	0	1	0	0	1	1	0	1	1	0	1	0	0	1	1	0	1	0	1	0	1	0	0	1	0	0	0	0	0	1	0	1	1	0	0	0	0
caregiver 3=0	1	0	1	1	0	0	1	1	1	0	0	0	0	0	1	1	1	0	1	0	1	0	0	0	0	0	0	1	0	0	0	1	0	1	1	1	0	0	1	1	0	0	0	0	0	1	0	0	1	0	1	1	0	0	0	1	0	1	0	0	1	1	0	1	1	0	1	0	0	0	1	1	0
caregiver 4=0	0	1	0	0	1	1	0	0	0	1	1	0	1	1	0	0	0	1	0	1	0	1	1	1	1	1	1	0	0	1	1	0	1	0	0	0	0	1	0	0	1	1	0	1	1	0	1	0	0	1	1	0	1	0	1	0	1	0	0	1	0	0	0	0	0	1	0	1	1	0	0	0	0
caregiver 5=0	1	0	1	1	0	0	1	1	1	0	0	0	0	0	1	1	1	0	1	0	1	0	0	0	0	0	0	1	0	0	0	1	0	1	1	1	0	0	1	1	0	0	0	0	0	1	0	0	1	0	1	1	0	0	0	1	0	1	0	0	1	1	0	1	1	0	1	0	0	0	1	1	0
caregiver 6=0	0	1	0	0	1	1	0	0	0	1	1	0	1	1	0	0	0	1	0	1	0	1	1	1	1	1	1	0	0	1	1	0	1	0	0	0	0	1	0	0	1	1	0	1	1	0	1	0	0	1	1	0	1	0	1	0	1	0	0	1	0	0	0	0	0	1	0	1	1	0	0	0	0
caregiver 7=0	1	0	1	1	0	0	1	1	1	0	0	0	0	0	1	1	1	0	1	0	1	0	0	0	0	0	0	1	0	0	0	1	0	1	1	1	0	0	1	1	0	0	0	0	0	1	0	0	1	0	1	1	0	0	0	1	0	1	0	0	1	1	0	1	1	0	1	0	0	0	1	1	0
caregiver 8=0	0	1	0	0	1	1	0	0	0	1	1	0	1	1	0	0	0	1	0	1	0	1	1	1	1	1	1	0	0	1	1	0	1	0	0	0	0	1	0	0	1	1	0	1	1	0	1	0	0	1	1	0	1	0	1	0	1	0	0	1	0	0	0	0	0	1	0	1	1	0	0	0	0
caregiver 9=0	1	0	1	1	0	0	1	1	1	0	0	0	0	0	1	1	1	0	1	0	1	0	0	0	0	0	0	1	0	0	0	1	0	1	1	1	0	0	1	1	0	0	0	0	0	1	0	0	1	0	1	1	0	0	0	1	0	1	0	0	1	1	0	1	1	0	1	0	0	0	1	1	0
caregiver 10=0	0	1	0	0	1	1	0	0	0	1	1	0	1	1	0	0	0	1	0	1	0	1	1	1	1	1	1	0	0	1	1	0	1	0	0	0	0	1	0	0	1	1	0	1	1	0	1	0	0	1	1	0	1	0	1	0	1	0	0	1	0	0	0	0	0	1	0	1	1	0	0	0	0
caregiver 11=0	1	0	1	1	0	0	1	1	1	0	0	0	0	0	1	1	1	0	1	0	1	0	0	0	0	0	0	1	0	0	0	1	0	1	1	1	0	0	1	1	0	0	0	0	0	1	0	0	1	0	1	1	0	0	0	1	0	1	0	0	1	1	0	1	1	0	1	0	0	0	1	1	0
caregiver 12=0	0	1	0	0	1	1	0	0	0	1	1	0	1	1	0	0	0	1	0	1	0	1	1	1	1	1	1	0	0	1	1	0	1	0	0	0	0	1	0	0	1	1	0	1	1	0	1	0	0	1	1	0	1	0	1	0	1	0	0	1	0	0	0	0	0	1	0	1	1	0	0	0	0
caregiver 13=0	1	0	1	1	0	0	1	1	1	0	0	0	0	0	1	1	1	0	1	0	1	0	0	0	0	0	0	1	0	0	0	1	0	1	1	1	0	0	1	1	0	0	0	0	0	1	0	0	1	0	1	1	0	0	0	1	0	1	0	0	1	1	0	1	1	0	1	0	0	0	1	1	0
caregiver 14=0	0	1	0	0	1	1	0	0	0	1	1	0	1	1	0	0	0	1	0	1	0	1	1	1	1	1	1	0	0	1	1	0	1	0	0	0	0	1	0	0	1	1	0	1	1	0	1	0	0	1	1	0	1	0	1	0	1	0	0	1	0	0	0	0	0	1	0	1	1	0	0	0	0
caregiver 15=0	1	0	1	1	0	0	1	1	1	0	0	0	0	0	1	1	1	0	1	0	1	0	0	0	0	0	0	1	0	0	0	1	0	1	1	1	0	0	1	1	0	0	0	0	0	1	0	0	1	0	1	1	0	0	0	1	0	1	0	0	1	1	0	1	1	0	1	0	0	0	1	1	0
caregiver 16=0	0	1	0	0	1	1	0	0	0	1	1	0	1	1	0	0	0	1	0	1	0	1	1	1	1	1	1	0	0	1	1	0	1	0	0	0	0	1	0	0	1	1	0	1	1	0	1	0	0	1	1	0	1	0	1	0	1	0	0	1	0	0	0	0	0	1	0	1	1	0	0	0	0


continuty of care score matrix=
caregiver 1=0	3	2	2	3	2	2	3	2	2	1	3	2	1	3	2	3	3	1	3	2	3	2	1	2	2	1	1	3	1	2	2	3	1	2	2	3	1	2	2	3	1	1	2	1	2	2	2	2	3	2	3	2	2	2	2	1	2	2	2	1	3	2	1	2	2	3	2	1	2	1	1	3	0
caregiver 2=0	2	3	1	2	2	2	2	1	2	1	2	1	2	3	2	2	2	1	2	2	3	3	3	2	2	2	2	2	1	3	3	2	2	2	2	1	2	2	2	2	3	3	2	3	3	3	2	1	2	3	2	2	3	2	2	2	1	1	1	3	1	3	1	1	2	2	2	3	2	1	1	1	0
caregiver 3=0	2	1	1	2	3	2	2	2	2	3	1	3	2	3	2	1	2	2	2	1	1	2	3	3	2	1	2	2	3	1	3	1	3	2	3	3	2	2	2	1	3	2	1	1	2	1	2	2	2	2	1	3	2	2	2	2	1	2	3	3	1	2	1	2	2	2	1	1	3	3	2	2	0
caregiver 4=0	1	1	2	2	2	3	2	2	1	2	2	2	3	2	1	2	1	1	2	2	2	1	2	2	3	3	3	1	1	3	2	3	2	2	2	2	1	2	2	2	1	3	3	3	3	2	2	3	2	3	2	2	2	2	1	3	2	3	1	3	3	2	1	3	2	2	1	1	1	1	1	3	0
caregiver 5=0	1	3	2	2	1	2	1	1	2	3	1	3	3	3	2	2	2	2	3	1	3	1	3	1	1	2	1	1	2	2	2	3	1	3	1	2	2	2	2	1	1	2	1	3	2	2	1	3	1	3	2	1	3	3	2	1	1	1	3	1	2	1	1	1	2	2	3	1	3	2	3	2	0
caregiver 6=0	2	3	2	2	1	2	1	2	3	1	2	2	3	2	3	2	3	1	2	2	2	2	1	3	2	3	3	2	2	3	2	2	1	2	2	2	2	3	2	1	3	2	2	2	1	3	1	3	3	2	2	2	2	2	1	1	2	2	3	1	2	1	2	3	2	1	3	2	3	2	2	2	0
caregiver 7=0	2	3	1	2	3	2	3	1	3	3	2	1	1	2	3	1	2	2	2	2	1	2	2	1	1	2	3	1	2	2	3	2	2	2	1	2	2	2	3	3	3	2	2	2	2	2	2	2	1	2	3	1	1	2	2	1	3	3	2	2	2	2	3	1	2	2	2	1	1	1	1	2	0
caregiver 8=0	2	3	2	3	2	2	2	2	2	1	1	2	2	1	2	3	2	2	3	1	2	1	3	3	3	3	2	2	1	2	3	1	2	2	1	2	3	1	1	1	1	2	2	3	2	2	2	3	2	1	2	3	2	2	1	1	3	1	1	3	3	2	2	2	2	3	3	2	2	2	1	1	0
caregiver 9=0	2	1	3	2	3	3	3	2	2	3	2	2	2	2	1	1	2	2	3	2	2	2	2	1	3	2	1	1	2	1	2	1	1	1	2	2	3	1	3	2	2	2	1	2	1	2	2	3	2	2	1	2	3	2	2	1	2	1	3	3	2	1	3	3	2	3	1	3	3	2	3	3	0
caregiver 10=0	2	3	2	2	3	2	2	2	2	2	2	1	1	2	3	1	2	2	1	2	1	2	2	1	1	2	2	1	2	2	2	2	2	3	2	2	3	3	2	3	2	2	2	1	1	2	1	1	1	2	2	2	2	3	1	3	1	3	2	2	2	3	2	2	3	2	1	3	1	2	2	2	0
caregiver 11=0	2	1	3	3	2	2	2	1	2	3	2	2	1	2	2	1	1	2	2	1	2	1	1	1	2	2	1	2	2	3	1	2	2	3	3	2	3	1	3	3	2	1	2	2	1	2	1	2	3	3	2	1	2	2	3	2	2	2	3	3	2	1	2	3	2	2	2	2	1	3	1	3	0
caregiver 12=0	2	2	2	3	2	2	1	2	2	2	1	2	1	2	2	1	3	3	2	2	1	1	2	2	3	2	2	2	2	2	2	2	2	3	2	2	1	3	3	2	2	2	2	2	2	1	2	2	3	1	2	2	2	2	2	2	2	2	2	1	1	2	2	1	2	2	1	1	3	1	3	3	0
caregiver 13=0	2	3	2	3	1	2	2	2	2	1	2	3	1	2	2	3	3	2	3	2	2	1	2	3	1	1	3	3	1	1	2	2	1	2	1	2	1	3	2	2	1	2	3	2	3	1	3	2	3	2	1	3	2	1	1	3	2	3	2	3	2	3	3	2	2	1	2	3	3	2	2	2	0
caregiver 14=0	3	1	3	3	2	2	3	3	3	2	1	2	1	1	2	2	2	2	3	2	2	2	2	2	2	2	1	2	2	1	2	3	2	1	1	3	1	3	3	2	2	2	3	1	2	2	2	2	3	2	2	2	1	1	2	1	2	2	3	1	1	2	1	2	2	2	1	3	3	3	3	1	0
caregiver 15=0	1	2	3	2	2	3	1	2	2	3	3	2	2	2	2	1	2	2	1	3	3	2	1	1	2	2	2	1	1	2	3	1	2	1	3	3	3	2	2	2	2	3	3	3	2	3	2	2	3	2	2	2	2	3	1	1	1	1	3	1	1	2	2	2	1	1	2	2	2	3	3	1	0
caregiver 16=0	2	3	3	1	1	1	2	3	3	3	1	2	2	3	2	3	3	2	2	2	1	2	1	1	1	2	2	2	3	2	1	2	2	2	1	2	2	1	1	2	2	2	1	2	2	3	1	2	2	2	2	3	2	2	3	2	3	2	1	3	2	1	3	2	2	2	2	2	1	2	2	2	0


Travel time=

0	12	16	7	16	13	12	12	12	6	11	17	22	6	5	11	10	15	20	4	10	12	1	11	11	7	10	6	16	12	14	10	8	5	15	21	18	14	16	12	5	15	13	11	8	9	18	11	20	14	16	9	10	19	7	13	12	15	21	15	11	7	2	7	14	8	10	8	9	22	12	17	19	0
12	10000	26	5	11	18	11	3	5	9	22	14	33	16	12	5	9	9	22	14	6	13	12	6	22	17	2	6	24	19	4	13	19	11	25	32	8	15	8	8	15	9	17	12	12	4	24	22	31	22	23	5	7	24	10	24	9	14	24	13	1	16	12	18	25	19	4	19	15	32	14	23	30	12
16	26	10000	23	25	11	28	27	24	22	15	32	14	11	14	23	19	24	33	13	21	18	17	26	13	17	24	21	24	23	27	25	10	20	6	14	33	29	32	28	15	31	25	17	23	22	28	10	12	6	8	25	26	29	23	7	21	30	33	21	26	10	16	15	10	12	25	13	23	15	17	26	10	16
7	5	23	10000	13	16	9	5	8	4	17	13	28	12	9	7	9	12	19	10	7	13	7	5	17	12	4	2	19	14	9	9	15	6	22	28	11	12	9	7	11	9	13	12	8	5	19	18	27	20	21	3	5	20	5	20	10	12	20	15	5	13	8	13	21	14	3	15	10	28	14	19	26	7
16	11	25	13	10000	14	21	13	6	17	26	24	35	19	13	7	7	2	32	17	7	8	17	16	26	23	10	13	31	27	8	22	21	18	27	35	16	24	18	18	20	20	26	8	21	9	32	25	33	20	19	14	17	33	18	26	5	24	33	5	11	17	17	23	28	23	13	23	23	36	8	31	31	16
13	18	11	16	14	10000	24	19	15	17	19	28	23	10	8	14	10	14	32	10	12	7	13	21	17	17	16	15	26	23	18	23	12	17	15	23	25	26	25	22	15	25	25	7	20	14	30	15	22	6	6	19	21	30	19	15	11	27	33	10	18	8	13	17	17	15	18	15	21	25	6	28	19	13
12	11	28	9	21	24	10000	10	16	7	18	5	30	17	16	15	17	20	11	16	15	21	12	6	19	13	12	10	16	11	15	4	19	8	25	29	12	4	8	5	13	5	8	20	6	13	14	21	28	26	28	7	5	14	6	24	19	4	13	23	11	19	12	14	23	17	8	17	7	29	22	14	28	12
12	3	27	5	13	19	10	10000	7	8	21	12	33	17	13	7	11	11	20	15	8	14	12	4	22	17	4	6	23	18	6	11	19	10	26	32	7	13	6	6	15	7	16	14	11	6	22	23	31	23	24	4	6	22	9	25	11	13	22	15	2	17	12	17	25	19	3	19	14	33	15	22	30	12
12	5	24	8	6	15	16	7	10000	11	23	19	32	16	11	2	5	5	26	14	3	8	13	11	22	18	5	7	27	21	4	16	18	13	25	32	12	19	13	12	16	14	21	8	15	4	27	22	31	20	20	9	12	27	13	24	5	19	28	9	6	15	13	19	25	19	8	20	18	33	10	26	29	12
6	9	22	4	17	17	7	8	11	10000	14	11	26	11	9	10	12	15	16	9	10	15	6	6	14	9	8	4	16	11	12	6	13	3	20	25	13	10	11	7	8	10	10	14	5	8	16	16	24	20	21	5	5	17	2	18	13	10	18	17	8	12	6	10	18	12	6	12	7	25	15	16	24	6
11	22	15	17	26	19	18	21	23	14	10000	21	13	9	14	21	20	25	19	10	20	21	10	19	2	5	20	16	9	9	24	14	7	12	10	12	27	17	24	20	7	22	13	20	12	19	14	5	11	17	19	18	18	15	14	8	22	19	19	25	21	11	10	4	6	4	19	4	11	12	21	12	12	11
17	14	32	13	24	28	5	12	19	11	21	10000	33	21	20	19	21	23	10	20	19	25	16	9	22	17	15	14	18	13	18	7	23	12	29	33	12	5	9	7	17	6	10	24	10	16	14	24	32	30	32	11	8	14	10	27	22	3	11	27	14	23	16	18	27	21	12	21	11	32	26	15	32	17
22	33	14	28	35	23	30	33	32	26	13	33	10000	17	22	31	29	34	31	19	30	28	21	31	12	18	31	27	19	21	35	27	15	24	9	1	39	29	36	32	18	34	25	28	24	30	24	11	2	19	21	30	30	25	26	9	31	31	30	32	32	18	21	16	8	14	31	14	23	3	28	22	4	22
6	16	11	12	19	10	17	17	16	11	9	21	17	10000	6	14	12	18	23	3	13	13	6	16	8	8	14	11	17	14	18	15	3	10	10	17	23	18	21	18	5	20	16	12	12	13	20	7	16	10	12	15	16	21	12	9	14	20	24	17	16	3	6	7	10	5	15	6	13	18	13	18	14	6
5	12	14	9	13	8	16	13	11	9	14	20	22	6	10000	9	7	12	24	4	8	8	6	13	13	11	10	8	20	16	13	15	8	9	14	22	19	18	18	15	8	18	17	7	12	9	22	12	21	11	13	11	13	23	11	14	9	19	25	12	12	5	6	10	15	10	11	10	14	23	8	21	19	5
11	5	23	7	7	14	15	7	2	10	21	19	31	14	9	10000	4	5	26	12	2	8	12	10	21	17	4	6	25	20	5	16	17	12	23	31	13	18	13	12	15	14	20	8	14	3	26	21	29	18	19	8	11	26	12	22	4	18	27	9	6	14	12	18	24	18	7	18	17	31	9	25	28	11
10	9	19	9	7	10	17	11	5	12	20	21	29	12	7	4	10000	6	27	10	3	4	11	13	20	17	7	8	26	21	8	17	15	13	21	29	16	20	16	15	14	17	21	4	16	6	27	19	27	15	15	11	14	27	13	20	3	21	29	6	9	11	11	17	22	16	10	17	18	29	5	26	26	10
15	9	24	12	2	14	20	11	5	15	25	23	34	18	12	5	6	10000	30	16	6	7	16	15	25	21	9	11	30	25	7	20	20	17	26	34	15	23	17	16	19	18	24	8	19	8	31	24	32	19	19	13	16	31	17	25	4	23	32	5	10	16	16	22	27	22	12	22	21	35	8	30	31	15
20	22	33	19	32	32	11	20	26	16	19	10	31	23	24	26	27	30	10000	23	25	30	19	16	21	17	22	20	13	11	26	11	24	16	29	30	21	8	18	15	19	15	8	30	13	23	7	24	29	33	35	18	15	6	15	27	29	8	2	33	21	25	19	18	25	21	19	20	11	29	31	9	30	20
4	14	13	10	17	10	16	15	14	9	10	20	19	3	4	12	10	16	23	10000	11	11	5	14	10	8	12	9	17	14	16	14	5	8	12	19	21	17	19	16	5	18	15	10	11	11	20	9	18	11	13	13	14	21	11	11	12	18	24	15	14	3	4	8	12	7	13	7	12	20	11	19	16	4
10	6	21	7	7	12	15	8	3	10	20	19	30	13	8	2	3	6	25	11	10000	7	10	11	20	16	5	6	25	20	6	15	16	11	22	29	14	18	14	12	14	15	19	7	14	3	25	19	28	17	17	8	11	26	12	21	4	18	27	8	7	12	11	16	22	17	8	17	16	30	8	25	26	10
12	13	18	13	8	7	21	14	8	15	21	25	28	13	8	8	4	7	30	11	7	10000	13	17	20	18	11	11	27	23	12	20	15	15	20	28	20	24	20	18	16	21	24	1	18	9	29	19	27	13	12	14	17	30	16	19	5	24	32	4	13	11	13	18	21	17	14	18	20	29	2	28	25	12
1	12	17	7	17	13	12	12	13	6	10	16	21	6	6	12	11	16	19	5	10	13	10000	11	10	6	10	7	15	11	15	10	8	4	15	21	18	13	16	12	4	15	12	12	7	10	17	11	20	15	17	9	10	18	7	13	13	14	20	16	11	7	1	7	14	7	10	8	8	21	13	16	19	1
11	6	26	5	16	21	6	4	11	6	19	9	31	16	13	10	13	15	16	14	11	17	11	10000	20	14	7	6	20	14	10	8	18	8	25	30	8	9	6	2	14	5	12	16	8	8	18	21	29	24	25	3	2	18	6	24	14	9	18	18	6	17	11	15	23	17	3	17	10	30	18	18	29	11
11	22	13	17	26	17	19	22	22	14	2	22	12	8	13	21	20	25	21	10	20	20	10	20	10000	6	20	16	11	11	24	15	6	12	8	11	27	18	25	21	7	23	14	20	13	19	16	4	10	15	18	19	19	17	15	7	22	20	21	24	21	10	10	5	5	4	20	3	12	11	20	14	10	11
7	17	17	12	23	17	13	17	18	9	5	17	18	8	11	17	17	21	17	8	16	18	6	14	6	10000	16	12	10	7	20	10	8	7	13	17	22	13	19	15	3	17	9	18	7	15	13	8	16	17	20	14	13	14	9	11	19	14	17	22	16	10	6	2	10	5	14	5	7	17	19	11	16	7
10	2	24	4	10	16	12	4	5	8	20	15	31	14	10	4	7	9	22	12	5	11	10	7	20	16	10000	4	23	18	5	12	17	10	24	31	10	15	10	8	14	10	17	11	12	2	23	21	29	20	21	5	8	23	9	22	8	15	24	12	2	14	11	16	23	17	4	17	14	31	12	23	28	10
6	6	21	2	13	15	10	6	7	4	16	14	27	11	8	6	8	11	20	9	6	11	7	6	16	12	4	10000	20	15	9	10	14	6	20	27	12	13	11	8	10	11	14	11	9	4	20	17	26	18	19	4	7	20	6	19	9	13	21	14	5	11	7	12	20	14	4	14	11	27	12	19	25	6
16	24	24	19	31	26	16	23	27	16	9	18	19	17	20	25	26	30	13	17	25	27	15	20	11	10	23	20	10000	6	28	13	16	14	18	18	27	14	24	20	12	21	9	27	12	23	6	14	18	25	28	20	18	7	15	17	27	15	12	31	23	19	15	10	15	12	21	12	10	17	28	4	19	16
12	19	23	14	27	23	11	18	21	11	9	13	21	14	16	20	21	25	11	14	20	23	11	14	11	7	18	15	6	10000	22	7	14	9	19	21	21	9	18	14	9	16	4	23	7	18	7	14	20	24	26	15	13	7	10	17	23	10	11	27	18	16	11	8	15	11	16	11	4	20	24	5	21	12
14	4	27	9	8	18	15	6	4	12	24	18	35	18	13	5	8	7	26	16	6	12	15	10	24	20	5	9	28	22	10000	16	21	14	27	35	9	18	11	11	18	13	21	12	16	6	27	25	33	23	23	8	11	27	13	26	8	18	27	11	5	18	15	21	27	21	7	22	18	35	13	27	32	14
10	13	25	9	22	23	4	11	16	6	14	7	27	15	15	16	17	20	11	14	15	20	10	8	15	10	12	10	13	7	16	10000	16	6	22	26	15	4	11	7	11	9	5	20	3	13	11	18	25	24	26	9	6	11	4	21	19	5	12	23	12	17	10	11	20	14	10	14	4	26	21	11	25	10
8	19	10	15	21	12	19	19	18	13	7	23	15	3	8	17	15	20	24	5	16	15	8	18	6	8	17	14	16	14	21	16	10000	11	7	14	25	20	23	20	6	22	16	14	13	16	20	5	13	10	13	17	18	21	14	6	17	21	24	19	19	5	8	7	7	4	17	4	14	15	15	18	12	8
5	11	20	6	18	17	8	10	13	3	12	12	24	10	9	12	13	17	16	8	11	15	4	8	12	7	10	6	14	9	14	6	11	10000	18	23	15	9	13	9	6	11	9	15	3	10	15	14	22	19	21	7	7	15	3	16	15	10	17	19	10	11	5	8	16	10	8	10	5	23	16	14	22	5
15	25	6	22	27	15	25	26	25	20	10	29	9	10	14	23	21	26	29	12	22	20	15	25	8	13	24	20	18	19	27	22	7	18	10000	9	32	25	30	26	12	29	22	19	20	22	24	5	7	11	13	24	24	24	21	2	23	27	29	24	25	10	14	12	5	9	24	9	19	10	19	21	5	15
21	32	14	28	35	23	29	32	32	25	12	33	1	17	22	31	29	34	30	19	29	28	21	30	11	17	31	27	18	21	35	26	14	23	9	10000	38	29	36	31	18	34	24	28	24	29	24	10	2	19	21	30	30	24	26	9	31	30	29	32	32	18	20	16	8	14	30	14	23	2	28	21	5	21
18	8	33	11	16	25	12	7	12	13	27	12	39	23	19	13	16	15	21	21	14	20	18	8	27	22	10	12	27	21	9	15	25	15	32	38	10000	15	4	8	21	7	19	20	16	12	25	28	37	30	30	9	9	25	13	31	16	14	23	20	8	23	18	23	31	25	8	25	18	38	21	25	36	18
14	15	29	12	24	26	4	13	19	10	17	5	29	18	18	18	20	23	8	17	18	24	13	9	18	13	15	13	14	9	18	4	20	9	25	29	15	10000	11	8	14	8	6	23	7	16	11	21	28	28	30	11	8	11	8	24	22	2	9	26	14	20	14	14	23	17	12	17	7	28	24	11	28	14
16	8	32	9	18	25	8	6	13	11	24	9	36	21	18	13	16	17	18	19	14	20	16	6	25	19	10	11	24	18	11	11	23	13	30	36	4	11	10000	5	19	4	16	20	13	11	21	26	34	29	30	7	6	21	11	29	17	10	20	21	8	22	16	20	29	22	7	22	15	36	21	22	34	16
12	8	28	7	18	22	5	6	12	7	20	7	32	18	15	12	15	16	15	16	12	18	12	2	21	15	8	8	20	14	11	7	20	9	26	31	8	8	5	10000	15	3	12	18	8	10	18	22	30	26	27	4	2	18	6	25	16	8	17	20	7	18	13	16	25	18	5	18	11	31	19	18	30	12
5	15	15	11	20	15	13	15	16	8	7	17	18	5	8	15	14	19	19	5	14	16	4	14	7	3	14	10	12	9	18	11	6	6	12	18	21	14	19	15	10000	17	11	15	8	13	15	8	16	15	17	13	13	16	9	11	16	15	19	19	15	8	4	3	10	4	13	4	8	18	16	14	16	5
15	9	31	9	20	25	5	7	14	10	22	6	34	20	18	14	17	18	15	18	15	21	15	5	23	17	10	11	21	16	13	9	22	11	29	34	7	8	4	3	17	10000	13	21	10	12	18	24	33	28	30	7	5	18	9	27	18	7	17	22	9	21	15	18	27	21	7	21	12	33	22	19	32	15
13	17	25	13	26	25	8	16	21	10	13	10	25	16	17	20	21	24	8	15	19	24	12	12	14	9	17	14	9	4	21	5	16	9	22	24	19	6	16	12	11	13	10000	23	6	17	7	17	23	25	28	13	11	7	8	20	23	7	9	27	17	18	12	11	18	14	14	13	4	23	24	7	24	13
11	12	17	12	8	7	20	14	8	14	20	24	28	12	7	8	4	8	30	10	7	1	12	16	20	18	11	11	27	23	12	20	14	15	19	28	20	23	20	18	15	21	23	10000	18	9	29	18	26	12	12	14	17	29	16	19	5	23	31	5	13	10	12	17	21	16	14	17	20	28	2	28	24	11
8	12	23	8	21	20	6	11	15	5	12	10	24	12	12	14	16	19	13	11	14	18	7	8	13	7	12	9	12	7	16	3	13	3	20	24	16	7	13	8	8	10	6	18	10000	12	12	15	23	22	23	8	7	12	3	18	17	8	14	21	12	14	7	9	17	11	9	11	3	24	19	11	23	8
9	4	22	5	9	14	13	6	4	8	19	16	30	13	9	3	6	8	23	11	3	9	10	8	19	15	2	4	23	18	6	13	16	10	22	29	12	16	11	10	13	12	17	9	12	10000	24	20	28	18	19	6	9	24	10	21	6	16	25	11	4	13	10	16	22	16	5	17	14	30	10	23	27	9
18	24	28	19	32	30	14	22	27	16	14	14	24	20	22	26	27	31	7	20	25	29	17	18	16	13	23	20	6	7	27	11	20	15	24	24	25	11	21	18	15	18	7	29	12	24	10000	19	23	30	32	19	17	1	15	22	29	12	6	33	23	22	17	14	20	17	20	16	10	23	30	3	25	18
11	22	10	18	25	15	21	23	22	16	5	24	11	7	12	21	19	24	24	9	19	19	11	21	4	8	21	17	14	14	25	18	5	14	5	10	28	21	26	22	8	24	17	18	15	20	19	10000	9	13	15	20	20	20	16	4	21	22	24	23	22	9	11	7	3	4	21	4	14	11	19	17	8	11
20	31	12	27	33	22	28	31	31	24	11	32	2	16	21	29	27	32	29	18	28	27	20	29	10	16	29	26	18	20	33	25	13	22	7	2	37	28	34	30	16	33	23	26	23	28	23	9	10000	17	20	28	29	24	24	8	29	29	29	31	30	17	19	15	6	13	29	13	22	4	26	21	3	20
14	22	6	20	20	6	26	23	20	20	17	30	19	10	11	18	15	19	33	11	17	13	15	24	15	17	20	18	25	24	23	24	10	19	11	19	30	28	29	26	15	28	25	12	22	18	30	13	17	10000	3	22	24	30	21	11	16	29	34	16	22	8	15	16	14	14	22	14	22	20	12	28	15	14
16	23	8	21	19	6	28	24	20	21	19	32	21	12	13	19	15	19	35	13	17	12	17	25	18	20	21	19	28	26	23	26	13	21	13	21	30	30	30	27	17	30	28	12	23	19	32	15	20	3	10000	23	25	33	23	13	16	31	36	15	23	10	17	18	16	16	23	17	24	23	11	30	17	16
9	5	25	3	14	19	7	4	9	5	18	11	30	15	11	8	11	13	18	13	8	14	9	3	19	14	5	4	20	15	8	9	17	7	24	30	9	11	7	4	13	7	13	14	8	6	19	20	28	22	23	10000	3	20	6	22	12	11	20	16	4	15	10	14	22	16	2	16	11	30	15	19	28	9
10	7	26	5	17	21	5	6	12	5	18	8	30	16	13	11	14	16	15	14	11	17	10	2	19	13	8	7	18	13	11	6	18	7	24	30	9	8	6	2	13	5	11	17	7	9	17	20	29	24	25	3	10000	17	5	23	15	8	17	19	7	17	11	14	23	17	4	16	9	30	18	17	28	10
19	24	29	20	33	30	14	22	27	17	15	14	25	21	23	26	27	31	6	21	26	30	18	18	17	14	23	20	7	7	27	11	21	15	24	24	25	11	21	18	16	18	7	29	12	24	1	20	24	30	33	20	17	10000	15	23	29	12	5	33	23	23	18	15	21	17	21	17	10	23	31	4	26	19
7	10	23	5	18	19	6	9	13	2	14	10	26	12	11	12	13	17	15	11	12	16	7	6	15	9	9	6	15	10	13	4	14	3	21	26	13	8	11	6	9	9	8	16	3	10	15	16	24	21	23	6	5	15	10000	19	15	8	16	19	9	14	7	10	19	13	7	12	6	25	17	14	24	7
13	24	7	20	26	15	24	25	24	18	8	27	9	9	14	22	20	25	27	11	21	19	13	24	7	11	22	19	17	17	26	21	6	16	2	9	31	24	29	25	11	27	20	19	18	21	22	4	8	11	13	22	23	23	19	10000	22	25	27	23	24	10	13	10	3	7	23	7	18	10	19	20	6	13
12	9	21	10	5	11	19	11	5	13	22	22	31	14	9	4	3	4	29	12	4	5	13	14	22	19	8	9	27	23	8	19	17	15	23	31	16	22	17	16	16	18	23	5	17	6	29	21	29	16	16	12	15	29	15	22	10000	22	30	5	9	13	13	19	24	19	11	19	19	31	6	28	27	12
15	14	30	12	24	27	4	13	19	10	19	3	31	20	19	18	21	23	8	18	18	24	14	9	20	14	15	13	15	10	18	5	21	10	27	30	14	2	10	8	15	7	7	23	8	16	12	22	29	29	31	11	8	12	8	25	22	10000	10	26	14	21	15	16	24	19	11	18	8	30	25	13	30	15
21	24	33	20	33	33	13	22	28	18	19	11	30	24	25	27	29	32	2	24	27	32	20	18	21	17	24	21	12	11	27	12	24	17	29	29	23	9	20	17	19	17	9	31	14	25	6	24	29	34	36	20	17	5	16	27	30	10	10000	34	23	26	20	18	25	21	21	21	12	28	32	9	30	21
15	13	21	15	5	10	23	15	9	17	25	27	32	17	12	9	6	5	33	15	8	4	16	18	24	22	12	14	31	27	11	23	19	19	24	32	20	26	21	20	19	22	27	5	21	11	33	23	31	16	15	16	19	33	19	23	5	26	34	10000	14	15	17	22	25	21	15	22	23	33	5	32	29	15
11	1	26	5	11	18	11	2	6	8	21	14	32	16	12	6	9	10	21	14	7	13	11	6	21	16	2	5	23	18	5	12	19	10	25	32	8	14	8	7	15	9	17	13	12	4	23	22	30	22	23	4	7	23	9	24	9	14	23	14	10000	16	12	17	25	18	3	19	14	32	14	23	30	11
7	16	10	13	17	8	19	17	15	12	11	23	18	3	5	14	11	16	25	3	12	11	7	17	10	10	14	11	19	16	18	17	5	11	10	18	23	20	22	18	8	21	18	10	14	13	22	9	17	8	10	15	17	23	14	10	13	21	26	15	16	10000	7	9	11	8	15	8	15	19	10	21	15	7
2	12	16	8	17	13	12	12	13	6	10	16	21	6	6	12	11	16	19	4	11	13	1	11	10	6	11	7	15	11	15	10	8	5	14	20	18	14	16	13	4	15	12	12	7	10	17	11	19	15	17	10	11	18	7	13	13	15	20	17	12	7	10000	6	13	7	10	7	8	21	13	16	18	2
7	18	15	13	23	17	14	17	19	10	4	18	16	7	10	18	17	22	18	8	16	18	7	15	5	2	16	12	10	8	21	11	7	8	12	16	23	14	20	16	3	18	11	17	9	16	14	7	15	16	18	14	14	15	10	10	19	16	18	22	17	9	6	10000	9	3	15	3	8	16	18	12	15	7
14	25	10	21	28	17	23	25	25	18	6	27	8	10	15	24	22	27	25	12	22	21	14	23	5	10	23	20	15	15	27	20	7	16	5	8	31	23	29	25	10	27	18	21	17	22	20	3	6	14	16	22	23	21	19	3	24	24	25	25	25	11	13	9	10000	7	23	7	16	8	21	18	6	14
8	19	12	14	23	15	17	19	19	12	4	21	14	5	10	18	16	22	21	7	17	17	7	17	4	5	17	14	12	11	21	14	4	10	9	14	25	17	22	18	4	21	14	16	11	16	17	4	13	14	16	16	17	17	13	7	19	19	21	21	18	8	7	3	7	10000	17	1	11	14	17	15	12	8
10	4	25	3	13	18	8	3	8	6	19	12	31	15	11	7	10	12	19	13	8	14	10	3	20	14	4	4	21	16	7	10	17	8	24	30	8	12	7	5	13	7	14	14	9	5	20	21	29	22	23	2	4	21	7	23	11	11	21	15	3	15	10	15	23	17	10000	17	12	30	15	20	28	10
8	19	13	15	23	15	17	19	20	12	4	21	14	6	10	18	17	22	20	7	17	18	8	17	3	5	17	14	12	11	22	14	4	10	9	14	25	17	22	18	4	21	13	17	11	17	16	4	13	14	17	16	16	17	12	7	19	18	21	22	19	8	7	3	7	1	17	10000	11	14	18	14	12	8
9	15	23	10	23	21	7	14	18	7	11	11	23	13	14	17	18	21	11	12	16	20	8	10	12	7	14	11	10	4	18	4	14	5	19	23	18	7	15	11	8	12	4	20	3	14	10	14	22	22	24	11	9	10	6	18	19	8	12	23	14	15	8	8	16	11	12	11	10000	22	21	9	22	9
22	32	15	28	36	25	29	33	33	25	12	32	3	18	23	31	29	35	29	20	30	29	21	30	11	17	31	27	17	20	35	26	15	23	10	2	38	28	36	31	18	33	23	28	24	30	23	11	4	20	23	30	30	23	25	10	31	30	28	33	32	19	21	16	8	14	30	14	22	10000	29	20	6	22
12	14	17	14	8	6	22	15	10	15	21	26	28	13	8	9	5	8	31	11	8	2	13	18	20	19	12	12	28	24	13	21	15	16	19	28	21	24	21	19	16	22	24	2	19	10	30	19	26	12	11	15	18	31	17	19	6	25	32	5	14	10	13	18	21	17	15	18	21	29	10000	29	24	12
17	23	26	19	31	28	14	22	26	16	12	15	22	18	21	25	26	30	9	19	25	28	16	18	14	11	23	19	4	5	27	11	18	14	21	21	25	11	22	18	14	19	7	28	11	23	3	17	21	28	30	19	17	4	14	20	28	13	9	32	23	21	16	12	18	15	20	14	9	20	29	10000	22	17
19	30	10	26	31	19	28	30	29	24	12	32	4	14	19	28	26	31	30	16	26	25	19	29	10	16	28	25	19	21	32	25	12	22	5	5	36	28	34	30	16	32	24	24	23	27	25	8	3	15	17	28	28	26	24	6	27	30	30	29	30	15	18	15	6	12	28	12	22	6	24	22	10000	19
0	12	16	7	16	13	12	12	12	6	11	17	22	6	5	11	10	15	20	4	10	12	1	11	11	7	10	6	16	12	14	10	8	5	15	21	18	14	16	12	5	15	13	11	8	9	18	11	20	14	16	9	10	19	7	13	12	15	21	15	11	7	2	7	14	8	10	8	9	22	12	17	19	0


																				Number of caregivers required for node=										
1	2	1	1	1	1	1	1	1	1	1	1	2	1	1	1	2	1	1	1	1	2	1	1	2	1	1	1	1	1	1	1	1	1	1	1	1	1	1	1	1	1	1	2	2	2	1	1	1	1	1	1	1	1	1	1	1	1	1	1	1	1	1	1	1	1	1	1	1	1	1	1	1	1

