Number of nodes=74
Number of caregiver=16 

w1=0.059
w2=0.294
w3=0.235
w4=0.059
w5=0.176
w6=0.059
w7=0.118

alfa_k =0
beta_k =718

tr=80
Set of patients with high fatigue={2, 12, 17, 33, 49, 54, 65, 72}
 
Time window (alfa,beta)


Time window (alfa,beta)

TW1=
start=0	23	91	215	509	624	11	96	154	316	385	10	102	271	377	504	24	151	301	433	548	22	353	420	606	123	199	273	347	426	13	186	240	354	21	121	283	339	411	114	233	344	461	12	145	209	343	371	19	108	215	397	14	130	222	344	404	11	135	263	356	419	7	63	182	489	12	407	504	562	16	106	134	0
end=239	23	91	215	509	624	11	96	154	316	385	10	102	271	377	504	24	151	301	433	548	22	353	420	606	123	199	273	347	426	13	186	240	354	21	121	283	339	411	114	233	344	461	12	145	209	343	371	19	108	215	397	14	130	222	344	404	11	135	263	356	419	7	63	182	489	12	407	504	562	16	106	134	718


TW2=
start=0	3	22	133	417	532	0	23	90	280	314	0	54	193	322	415	0	84	253	364	450	0	267	335	559	25	130	192	326	347	0	149	165	294	0	89	187	298	342	70	169	300	370	0	80	140	282	311	0	29	144	357	0	107	151	306	0	102	213	325	357	0	0	127	306	455	0	384	481	489	0	50	104	0
end=239	106	120	312	587	653	68	151	227	383	479	108	187	337	429	537	67	218	400	513	633	51	401	450	642	161	240	365	442	524	76	210	299	406	85	211	354	432	510	181	255	385	500	39	201	273	400	434	109	172	266	444	45	169	278	484	106	179	345	453	449	34	154	253	484	518	35	480	579	603	67	196	222	718


TW3=
start=0	0	22	133	417	532	0	0	90	248	306	0	30	125	251	415	0	84	170	287	450	0	267	326	465	25	85	192	199	312	0	131	165	294	0	0	187	226	334	38	121	201	368	0	33	137	209	246	0	18	144	300	0	41	137	213	273	0	19	156	253	357	0	0	127	395	0	360	469	489	0	0	104	0
end=239	155	185	312	655	679	99	224	227	417	504	121	187	344	452	571	87	251	400	513	660	99	490	513	743	197	286	365	496	569	121	310	328	413	85	211	354	486	510	193	356	388	601	48	237	350	400	488	109	212	341	523	101	215	362	442	487	129	228	411	453	498	104	199	274	549	116	491	624	644	122	196	222	718


TW4=
start=0	0	0	28	417	521	0	0	13	201	298	0	0	125	248	415	0	68	170	281	450	0	209	269	465	0	28	97	199	311	0	89	103	161	0	0	175	152	238	0	61	194	265	0	33	137	209	246	0	18	144	198	0	0	137	213	273	0	0	151	229	312	0	0	0	395	0	250	395	435	0	0	0	0
end=239	155	189	404	655	737	160	224	227	428	504	138	234	423	536	666	127	251	401	513	681	99	516	555	765	220	315	412	522	571	121	310	366	450	85	211	463	486	510	244	400	393	601	69	268	356	401	523	169	212	401	523	101	215	362	442	487	176	258	411	550	573	104	199	274	596	116	499	624	751	122	234	277	718


TW5=
start=0	0	0	0	0	0	0	0	0	0	0	0	0	0	0	0	0	0	0	0	0	0	0	0	0	0	0	0	0	0	0	0	0	0	0	0	0	0	0	0	0	0	0	0	0	0	0	0	0	0	0	0	0	0	0	0	0	0	0	0	0	0	0	0	0	0	0	0	0	0	0	0	0	0
end=718	718	718	718	718	718	718	718	718	718	718	718	718	718	718	718	718	718	718	718	718	718	718	718	718	718	718	718	718	718	718	718	718	718	718	718	718	718	718	718	718	718	718	718	718	718	718	718	718	718	718	718	718	718	718	718	718	718	718	718	718	718	718	718	718	718	718	718	718	718	718	718	718	718



Priority level of node=
0	50	40	30	50	30	30	40	20	30	20	40	30	10	50	30	50	50	20	50	20	50	30	20	30	40	20	10	50	20	20	20	50	20	30	30	40	20	40	30	40	20	10	20	10	40	30	30	30	50	20	40	30	30	30	30	20	30	30	30	10	40	30	10	20	30	40	40	10	40	20	10	40	0

Service time of node=
0       55      91	39	84	73	72	21	61	49	98	62	111	73	101	53	88	109	83	70	77	122	56	47	59	56	37	50	48	74	81	41	82	50	78	123	45	47	40	111	81	95	58	128	37	99	9	76	59	68	87	69	81	62	108	50	57	96	106	67	45	65	39	86	97	79	87	63	53	69	77	15	116	0

Start and end of time interval =
interval 1= 0 150
interval 2=151 350
interval 3=351 718 



skill matrix=
Caregiver 1:   1 1 0 0 0 0 0 0 0 0  0  0  0  0  0  0  0  0  0  0  0  0  0  0  0  0  0  0  0  0  0  0  1  1  0  0  0  0  0  0  0  0  0  0  0  0  0  0  0  0  0  0  0  0  0  0  0  0  0  0  0  0  0  0  1  1  0  0  0  0  0  0  0  1
Caregiver 2:   1 0 1 0 0 0 0 0 0 0  0  0  0  0  0  0  0  0  0  0  0  0  1  0  0  0  0  0  0  0  0  1  0  0  1  0  0  0  0  0  0  0  0  0  0  0  0  0  0  0  0  0  0  0  0  0  0  0  0  0  0  0  0  1  0  0  0  0  0  0  0  0  0  1
Caregiver 3:   1 0 0 1 0 0 0 0 0 0  0  0  0  1  0  0  0  0  0  0  0  0  0  0  0  0  0  0  0  0  1  0  0  0  0  1  0  0  0  0  0  0  0  0  0  0  0  0  0  0  0  0  0  0  0  0  0  0  0  0  0  0  1  0  0  0  0  0  0  0  0  0  1
Caregiver 4:   1 0 0 0 1 0 0 0 0 0  0  0  0  0  0  0  0  0  0  0  0  0  0  0  0  0  0  0  0  1  0  0  0  0  0  0  1  0  0  0  0  0  0  0  0  0  0  0  0  0  0  0  0  0  0  0  0  0  0  0  0  1  0  0  0  0  1  0  0  0  0  0  0  1
Caregiver 5:   1 0 0 0 0 1 0 0 0 0  0  0  0  0  0  0  0  0  0  0  0  0  0  0  0  0  0  0  1  0  0  0  0  0  0  0  0  1  0  0  0  0  0  0  0  0  0  0  0  0  0  0  0  0  0  0  0  0  0  0  1  0  0  0  0  0  0  1  0  0  0  0  0  1
Caregiver 6:   1 0 0 0 0 0 1 0 0 0  0  0  0  0  0  0  0  0  0  0  0  0  0  0  0  0  0  1  0  0  0  0  0  0  0  0  0  0  1  0  0  0  0  0  0  0  0  0  0  0  0  0  0  0  0  0  0  0  0  1  0  0  0  0  0  0  0  0  1  0  0  0  0  1
Caregiver 7:   1 0 0 0 0 0 0 1 0 0  0  0  0  0  0  0  0  0  0  0  0  0  0  0  0  0  1  0  0  0  0  0  0  0  0  0  0  0  0  1  0  0  0  0  0  0  0  0  0  0  0  0  0  0  0  0  0  0  1  0  0  0  0  0  0  0  0  0  1  0  0  0  0  1
Caregiver 8:   1 0 0 0 0 0 0 0 1 1  0  0  0  0  0  0  0  0  0  0  0  0  0  0  0  1  0  0  0  0  0  0  0  0  0  0  0  0  0  0  1  0  0  0  0  0  0  0  0  0  0  0  0  0  0  0  0  1  0  0  0  0  0  0  0  0  0  0  0  1
Caregiver 9:   1 0 0 0 0 0 0 0 0 1  0  0  0  0  0  0  0  0  0  0  0  0  0  0  1  0  0  0  0  0  0  0  0  0  0  0  0  0  0  0  0  1  0  0  0  0  0  0  0  0  0  0  0  0  0  0  1  0  0  0  0  0  0  0  0  0  0  0  0  1
Caregiver 10:  1 0 0 0 0 0 0 0 0 0  1  0  0  0  0  0  0  0  0  0  0  0  0  1  0  0  0  0  0  0  0  0  0  0  0  0  0  0  0  0  0  0  1  0  0  0  0  0  0  0  0  0  0  0  0  1  0  0  0  0  0  0  0  0  0  0  0  0  0  1
Caregiver 11:  1 0 0 0 0 0 0 0 0 0  0  1  0  0  0  0  0  0  0  0  0  0  1  0  0  0  0  0  0  0  0  0  0  0  0  0  0  0  0  0  0  0  0  1  0  0  0  0  0  0  0  0  0  0  1  0  0  0  0  0  0  0  0  0  1  0  0  0  0  0  0  0  1
Caregiver 12:  1 0 0 0 1 0 0 0 0 0  0  0  1  0  0  0  0  0  0  0  0  1  0  0  0  0  0  0  0  0  0  0  0  0  0  0  0  0  0  0  0  0  0  0  1  0  0  0  0  0  0  0  0  1  0  0  0  0  0  0  0  0  0  0  0  0  0  0  0  0  0  0  1
Caregiver 13:  1 0 0 0 0 0 0 0 0 0  0  0  0  1  0  0  0  0  0  0  1  0  0  0  0  0  0  0  0  0  0  0  0  0  0  0  0  0  0  0  0  0  0  0  0  1  0  0  0  0  0  0  1  0  0  0  0  0  0  0  0  0  0  0  0  1  0  0  0  0  0  0  1
Caregiver 14:  1 0 0 0 0 0 0 0 0 0  0  0  0  0  1  0  0  0  0  1  0  0  0  0  0  0  0  0  0  0  0  0  0  0  0  0  0  0  0  0  0  0  0  0  0  0  1  0  0  0  0  1  0  0  0  0  0  0  0  1  0  0  0  0  0  0  0  0  0  0  0  0  1
Caregiver 15:  1 0 0 0 0 0 0 0 0 0  0  0  0  0  0  1  0  0  1  0  0  0  0  0  0  0  0  0  0  0  0  0  0  0  0  0  0  0  0  0  0  0  0  0  0  0  0  1  0  0  1  0  0  0  0  0  0  0  1  0  0  0  0  0  0  0  0  0  0  0  0  0  1
Caregiver 16:  1 0 0 0 0 0 0 0 0 0  0  0  0  0  0  0  1  1  0  0  0  0  0  0  0  0  1  0  0  0  0  0  0  0  0  0  0  0  0  0  0  0  0  0  0  0  0  0  1  1  0  0  0  0  0  0  0  0  0  0  0  0  0  0  0  0  0  0  0  0  0  0  1



Gender preference matrix=
caregiver 1=0	1	0	1	1	0	0	1	1	1	0	0	0	0	0	1	1	1	0	1	0	1	0	0	0	0	0	0	1	0	0	0	1	0	1	1	1	0	0	1	1	0	0	0	0	0	1	0	0	1	0	1	1	0	0	0	1	0	1	0	0	1	1	0	1	1	0	1	0	0	0	1	1	0
caregiver 2=0	0	1	0	0	1	1	0	0	0	1	1	0	1	1	0	0	0	1	0	1	0	1	1	1	1	1	1	0	0	1	1	0	1	0	0	0	0	1	0	0	1	1	0	1	1	0	1	0	0	1	1	0	1	0	1	0	1	0	0	1	0	0	0	0	0	1	0	1	1	0	0	0	0
caregiver 3=0	1	0	1	1	0	0	1	1	1	0	0	0	0	0	1	1	1	0	1	0	1	0	0	0	0	0	0	1	0	0	0	1	0	1	1	1	0	0	1	1	0	0	0	0	0	1	0	0	1	0	1	1	0	0	0	1	0	1	0	0	1	1	0	1	1	0	1	0	0	0	1	1	0
caregiver 4=0	0	1	0	0	1	1	0	0	0	1	1	0	1	1	0	0	0	1	0	1	0	1	1	1	1	1	1	0	0	1	1	0	1	0	0	0	0	1	0	0	1	1	0	1	1	0	1	0	0	1	1	0	1	0	1	0	1	0	0	1	0	0	0	0	0	1	0	1	1	0	0	0	0
caregiver 5=0	1	0	1	1	0	0	1	1	1	0	0	0	0	0	1	1	1	0	1	0	1	0	0	0	0	0	0	1	0	0	0	1	0	1	1	1	0	0	1	1	0	0	0	0	0	1	0	0	1	0	1	1	0	0	0	1	0	1	0	0	1	1	0	1	1	0	1	0	0	0	1	1	0
caregiver 6=0	0	1	0	0	1	1	0	0	0	1	1	0	1	1	0	0	0	1	0	1	0	1	1	1	1	1	1	0	0	1	1	0	1	0	0	0	0	1	0	0	1	1	0	1	1	0	1	0	0	1	1	0	1	0	1	0	1	0	0	1	0	0	0	0	0	1	0	1	1	0	0	0	0
caregiver 7=0	1	0	1	1	0	0	1	1	1	0	0	0	0	0	1	1	1	0	1	0	1	0	0	0	0	0	0	1	0	0	0	1	0	1	1	1	0	0	1	1	0	0	0	0	0	1	0	0	1	0	1	1	0	0	0	1	0	1	0	0	1	1	0	1	1	0	1	0	0	0	1	1	0
caregiver 8=0	0	1	0	0	1	1	0	0	0	1	1	0	1	1	0	0	0	1	0	1	0	1	1	1	1	1	1	0	0	1	1	0	1	0	0	0	0	1	0	0	1	1	0	1	1	0	1	0	0	1	1	0	1	0	1	0	1	0	0	1	0	0	0	0	0	1	0	1	1	0	0	0	0
caregiver 9=0	1	0	1	1	0	0	1	1	1	0	0	0	0	0	1	1	1	0	1	0	1	0	0	0	0	0	0	1	0	0	0	1	0	1	1	1	0	0	1	1	0	0	0	0	0	1	0	0	1	0	1	1	0	0	0	1	0	1	0	0	1	1	0	1	1	0	1	0	0	0	1	1	0
caregiver 10=0	0	1	0	0	1	1	0	0	0	1	1	0	1	1	0	0	0	1	0	1	0	1	1	1	1	1	1	0	0	1	1	0	1	0	0	0	0	1	0	0	1	1	0	1	1	0	1	0	0	1	1	0	1	0	1	0	1	0	0	1	0	0	0	0	0	1	0	1	1	0	0	0	0
caregiver 11=0	1	0	1	1	0	0	1	1	1	0	0	0	0	0	1	1	1	0	1	0	1	0	0	0	0	0	0	1	0	0	0	1	0	1	1	1	0	0	1	1	0	0	0	0	0	1	0	0	1	0	1	1	0	0	0	1	0	1	0	0	1	1	0	1	1	0	1	0	0	0	1	1	0
caregiver 12=0	0	1	0	0	1	1	0	0	0	1	1	0	1	1	0	0	0	1	0	1	0	1	1	1	1	1	1	0	0	1	1	0	1	0	0	0	0	1	0	0	1	1	0	1	1	0	1	0	0	1	1	0	1	0	1	0	1	0	0	1	0	0	0	0	0	1	0	1	1	0	0	0	0
caregiver 13=0	1	0	1	1	0	0	1	1	1	0	0	0	0	0	1	1	1	0	1	0	1	0	0	0	0	0	0	1	0	0	0	1	0	1	1	1	0	0	1	1	0	0	0	0	0	1	0	0	1	0	1	1	0	0	0	1	0	1	0	0	1	1	0	1	1	0	1	0	0	0	1	1	0
caregiver 14=0	0	1	0	0	1	1	0	0	0	1	1	0	1	1	0	0	0	1	0	1	0	1	1	1	1	1	1	0	0	1	1	0	1	0	0	0	0	1	0	0	1	1	0	1	1	0	1	0	0	1	1	0	1	0	1	0	1	0	0	1	0	0	0	0	0	1	0	1	1	0	0	0	0
caregiver 15=0	1	0	1	1	0	0	1	1	1	0	0	0	0	0	1	1	1	0	1	0	1	0	0	0	0	0	0	1	0	0	0	1	0	1	1	1	0	0	1	1	0	0	0	0	0	1	0	0	1	0	1	1	0	0	0	1	0	1	0	0	1	1	0	1	1	0	1	0	0	0	1	1	0
caregiver 16=0	0	1	0	0	1	1	0	0	0	1	1	0	1	1	0	0	0	1	0	1	0	1	1	1	1	1	1	0	0	1	1	0	1	0	0	0	0	1	0	0	1	1	0	1	1	0	1	0	0	1	1	0	1	0	1	0	1	0	0	1	0	0	0	0	0	1	0	1	1	0	0	0	0


continuty of care score matrix=
caregiver 1=0	3	2	2	3	2	2	3	2	2	1	3	2	1	3	2	3	3	1	3	2	3	2	1	2	2	1	1	3	1	2	2	3	1	2	2	3	1	2	2	3	1	1	2	1	2	2	2	2	3	2	3	2	2	2	2	1	2	2	2	1	3	2	1	2	2	3	2	1	2	1	1	3	0
caregiver 2=0	2	3	1	2	2	2	2	1	2	1	2	1	2	3	2	2	2	1	2	2	3	3	3	2	2	2	2	2	1	3	3	2	2	2	2	1	2	2	2	2	3	3	2	3	3	3	2	1	2	3	2	2	3	2	2	2	1	1	1	3	1	3	1	1	2	2	2	3	2	1	1	1	0
caregiver 3=0	2	1	1	2	3	2	2	2	2	3	1	3	2	3	2	1	2	2	2	1	1	2	3	3	2	1	2	2	3	1	3	1	3	2	3	3	2	2	2	1	3	2	1	1	2	1	2	2	2	2	1	3	2	2	2	2	1	2	3	3	1	2	1	2	2	2	1	1	3	3	2	2	0
caregiver 4=0	1	1	2	2	2	3	2	2	1	2	2	2	3	2	1	2	1	1	2	2	2	1	2	2	3	3	3	1	1	3	2	3	2	2	2	2	1	2	2	2	1	3	3	3	3	2	2	3	2	3	2	2	2	2	1	3	2	3	1	3	3	2	1	3	2	2	1	1	1	1	1	3	0
caregiver 5=0	1	3	2	2	1	2	1	1	2	3	1	3	3	3	2	2	2	2	3	1	3	1	3	1	1	2	1	1	2	2	2	3	1	3	1	2	2	2	2	1	1	2	1	3	2	2	1	3	1	3	2	1	3	3	2	1	1	1	3	1	2	1	1	1	2	2	3	1	3	2	3	2	0
caregiver 6=0	2	3	2	2	1	2	1	2	3	1	2	2	3	2	3	2	3	1	2	2	2	2	1	3	2	3	3	2	2	3	2	2	1	2	2	2	2	3	2	1	3	2	2	2	1	3	1	3	3	2	2	2	2	2	1	1	2	2	3	1	2	1	2	3	2	1	3	2	3	2	2	2	0
caregiver 7=0	2	3	1	2	3	2	3	1	3	3	2	1	1	2	3	1	2	2	2	2	1	2	2	1	1	2	3	1	2	2	3	2	2	2	1	2	2	2	3	3	3	2	2	2	2	2	2	2	1	2	3	1	1	2	2	1	3	3	2	2	2	2	3	1	2	2	2	1	1	1	1	2	0
caregiver 8=0	2	3	2	3	2	2	2	2	2	1	1	2	2	1	2	3	2	2	3	1	2	1	3	3	3	3	2	2	1	2	3	1	2	2	1	2	3	1	1	1	1	2	2	3	2	2	2	3	2	1	2	3	2	2	1	1	3	1	1	3	3	2	2	2	2	3	3	2	2	2	1	1	0
caregiver 9=0	2	1	3	2	3	3	3	2	2	3	2	2	2	2	1	1	2	2	3	2	2	2	2	1	3	2	1	1	2	1	2	1	1	1	2	2	3	1	3	2	2	2	1	2	1	2	2	3	2	2	1	2	3	2	2	1	2	1	3	3	2	1	3	3	2	3	1	3	3	2	3	3	0
caregiver 10=0	2	3	2	2	3	2	2	2	2	2	2	1	1	2	3	1	2	2	1	2	1	2	2	1	1	2	2	1	2	2	2	2	2	3	2	2	3	3	2	3	2	2	2	1	1	2	1	1	1	2	2	2	2	3	1	3	1	3	2	2	2	3	2	2	3	2	1	3	1	2	2	2	0
caregiver 11=0	2	1	3	3	2	2	2	1	2	3	2	2	1	2	2	1	1	2	2	1	2	1	1	1	2	2	1	2	2	3	1	2	2	3	3	2	3	1	3	3	2	1	2	2	1	2	1	2	3	3	2	1	2	2	3	2	2	2	3	3	2	1	2	3	2	2	2	2	1	3	1	3	0
caregiver 12=0	2	2	2	3	2	2	1	2	2	2	1	2	1	2	2	1	3	3	2	2	1	1	2	2	3	2	2	2	2	2	2	2	2	3	2	2	1	3	3	2	2	2	2	2	2	1	2	2	3	1	2	2	2	2	2	2	2	2	2	1	1	2	2	1	2	2	1	1	3	1	3	3	0
caregiver 13=0	2	3	2	3	1	2	2	2	2	1	2	3	1	2	2	3	3	2	3	2	2	1	2	3	1	1	3	3	1	1	2	2	1	2	1	2	1	3	2	2	1	2	3	2	3	1	3	2	3	2	1	3	2	1	1	3	2	3	2	3	2	3	3	2	2	1	2	3	3	2	2	2	0
caregiver 14=0	3	1	3	3	2	2	3	3	3	2	1	2	1	1	2	2	2	2	3	2	2	2	2	2	2	2	1	2	2	1	2	3	2	1	1	3	1	3	3	2	2	2	3	1	2	2	2	2	3	2	2	2	1	1	2	1	2	2	3	1	1	2	1	2	2	2	1	3	3	3	3	1	0
caregiver 15=0	1	2	3	2	2	3	1	2	2	3	3	2	2	2	2	1	2	2	1	3	3	2	1	1	2	2	2	1	1	2	3	1	2	1	3	3	3	2	2	2	2	3	3	3	2	3	2	2	3	2	2	2	2	3	1	1	1	1	3	1	1	2	2	2	1	1	2	2	2	3	3	1	0
caregiver 16=0	2	3	3	1	1	1	2	3	3	3	1	2	2	3	2	3	3	2	2	2	1	2	1	1	1	2	2	2	3	2	1	2	2	2	1	2	2	1	1	2	2	2	1	2	2	3	1	2	2	2	2	3	2	2	3	2	3	2	1	3	2	1	3	2	2	2	2	2	1	2	2	2	0



Travel time=		
0	23	13	21	21	21	11	19	20	15	17	10	22	22	15	25	24	18	25	23	22	22	25	21	19	17	13	25	12	18	13	19	19	13	21	20	22	12	12	17	19	19	4	12	10	15	20	13	19	21	18	17	14	22	23	13	7	11	17	8	18	21	7	20	12	19	12	21	19	16	16	11	5	0
23	10000	11	42	28	43	12	10	42	8	21	31	31	41	29	47	32	14	47	9	45	24	41	39	35	9	19	46	26	21	34	13	25	32	26	8	42	33	21	33	38	15	26	27	24	32	28	34	4	31	17	37	23	23	8	10	18	33	13	20	32	41	29	36	27	41	30	7	28	27	13	13	23	23
13	11	10000	32	26	34	5	14	33	4	19	22	21	30	24	38	30	7	37	11	35	24	30	28	29	11	9	37	21	12	25	15	23	22	25	13	34	25	11	22	27	9	16	21	18	21	26	26	9	28	9	29	13	23	10	5	7	24	6	13	21	30	18	26	21	32	23	14	18	16	5	6	12	13
21	42	32	10000	35	11	31	39	13	35	34	16	25	11	26	14	36	33	11	41	6	38	18	11	27	37	27	15	27	30	17	38	35	11	37	40	18	15	24	16	11	34	18	25	26	14	34	16	39	33	32	16	24	38	40	33	25	11	34	27	19	6	14	15	25	11	21	41	24	22	32	31	20	21
21	28	26	35	10000	28	22	19	26	25	8	20	42	41	9	31	5	33	33	34	33	5	45	39	12	19	32	29	9	36	19	16	4	32	3	21	23	20	31	37	38	34	21	11	11	35	2	20	25	5	34	21	34	7	33	22	24	25	32	15	39	38	25	40	11	27	14	22	39	36	31	20	26	21
21	43	34	11	28	10000	31	38	3	36	30	12	34	22	20	5	29	38	5	44	6	32	29	21	18	36	32	5	22	36	11	36	30	18	30	39	8	11	29	24	21	38	18	20	22	22	27	10	40	25	37	8	30	33	43	33	27	11	37	25	28	17	17	25	20	2	15	40	32	29	36	31	23	21
11	12	5	31	22	31	10000	11	30	5	15	20	24	30	19	35	26	12	35	15	33	20	32	29	25	8	12	34	16	16	22	11	19	21	21	11	31	21	13	23	28	13	14	17	14	22	21	22	9	24	13	26	15	19	13	3	7	21	11	9	23	30	17	27	17	29	19	12	21	19	9	2	12	11
19	10	14	39	19	38	11	10000	36	11	11	26	34	40	21	41	23	20	42	18	40	15	42	39	26	3	22	40	18	25	27	3	15	31	16	3	35	27	23	33	38	21	22	19	16	32	18	28	8	22	22	31	26	13	17	9	17	29	18	14	33	39	26	37	20	36	23	4	31	29	18	10	22	19
20	42	33	13	26	3	30	36	10000	35	28	11	34	23	18	6	27	37	7	43	8	30	30	22	16	35	31	5	20	36	9	35	28	19	29	38	6	9	29	25	22	38	17	18	21	23	25	9	39	23	36	6	30	31	42	32	27	11	37	23	28	18	16	26	18	3	14	39	32	30	35	30	23	20
15	8	4	35	25	36	5	11	35	10000	18	24	24	33	24	40	29	10	39	10	37	22	34	32	30	8	13	39	20	16	27	12	22	25	24	10	35	26	14	26	31	11	18	21	18	25	24	27	5	28	12	30	16	21	9	4	10	26	8	13	25	33	21	29	22	34	24	10	22	20	8	6	15	15
17	21	19	34	8	30	15	11	28	18	10000	19	36	38	11	33	12	26	34	27	34	6	42	37	16	12	25	32	9	30	20	9	5	29	7	13	26	20	25	33	35	27	18	11	9	31	8	20	18	11	27	23	28	5	26	14	18	23	25	10	34	36	22	36	11	29	15	15	33	31	24	13	21	17
10	31	22	16	20	12	20	26	11	24	19	10000	27	21	12	16	22	27	16	33	15	23	27	20	14	24	22	15	12	26	4	25	20	13	22	27	12	3	20	19	19	28	7	10	11	17	19	4	28	18	27	7	21	24	32	21	16	5	27	13	22	18	8	22	10	11	7	29	25	22	25	19	13	10
22	31	21	25	42	34	24	34	34	24	36	27	10000	17	36	38	45	17	35	25	31	42	13	16	40	31	12	38	33	10	31	35	40	16	42	33	38	29	12	10	16	16	22	33	31	12	41	31	29	42	15	34	9	41	25	25	19	25	18	28	7	21	20	12	33	32	32	34	4	6	18	25	17	22
22	41	30	11	41	22	30	40	23	33	38	21	17	10000	32	24	43	29	21	37	17	42	8	2	34	38	23	25	32	24	24	40	40	10	42	41	28	22	20	9	3	29	20	30	30	9	39	23	38	39	28	25	19	43	37	33	24	17	30	29	11	6	16	6	30	21	27	42	17	16	29	31	19	22
15	29	24	26	9	20	19	21	18	24	11	12	36	32	10000	23	11	30	24	33	25	13	38	31	6	20	27	21	4	32	10	19	10	24	11	23	16	12	26	29	30	31	14	3	6	27	8	11	26	7	30	12	28	14	32	20	20	16	29	11	32	29	17	32	3	19	6	24	33	30	28	18	20	15
25	47	38	14	31	5	35	41	6	40	33	16	38	24	23	10000	31	42	4	48	8	35	32	24	20	40	36	2	25	40	15	40	33	22	33	43	9	15	33	28	24	42	22	23	26	26	30	14	44	28	41	11	34	36	47	37	32	15	42	28	31	19	21	28	23	7	19	44	36	33	40	35	27	25
24	32	30	36	5	29	26	23	27	29	12	22	45	43	11	31	10000	37	33	39	34	9	48	42	11	24	35	29	12	40	20	20	8	34	7	25	23	22	35	40	41	39	24	13	15	38	5	21	29	4	38	21	37	10	37	26	28	26	36	19	42	40	28	42	13	28	16	26	42	39	35	24	29	24
18	14	7	33	33	38	12	20	37	10	26	27	17	29	30	42	37	10000	40	9	37	31	28	28	36	17	7	41	27	7	30	22	30	23	32	19	39	29	10	21	27	2	21	28	24	21	32	30	13	35	3	34	11	30	9	12	11	27	2	20	19	31	21	24	28	36	29	19	15	14	3	13	15	18
25	47	37	11	33	5	35	42	7	39	34	16	35	21	24	4	33	40	10000	47	5	36	28	21	22	40	34	6	26	38	15	40	34	20	35	43	11	15	32	25	21	41	21	24	26	23	32	14	43	30	39	12	32	38	46	37	31	14	40	29	29	16	19	25	24	6	20	44	33	31	39	34	26	25
23	9	11	41	34	44	15	18	43	10	27	33	25	37	33	48	39	9	47	10000	44	31	36	36	39	16	15	47	30	15	36	20	31	30	33	16	44	35	18	29	35	9	27	31	28	29	34	36	10	37	11	39	19	30	2	13	17	34	8	23	27	39	28	32	31	42	33	16	23	22	9	16	22	23
22	45	35	6	33	6	33	40	8	37	34	15	31	17	25	8	34	37	5	44	10000	37	24	17	24	39	31	9	26	34	15	39	34	16	35	41	14	14	28	21	17	38	19	24	26	20	32	14	41	30	36	13	29	38	44	35	28	12	37	27	25	12	17	21	24	7	20	43	29	27	36	32	23	22
22	24	24	38	5	32	20	15	30	22	6	23	42	42	13	35	9	31	36	31	37	10000	46	41	16	16	31	33	12	35	22	12	3	33	3	17	27	23	31	38	40	33	22	13	12	36	6	23	22	10	32	24	33	2	30	19	24	27	30	15	39	40	26	41	14	31	17	18	39	36	29	18	26	22
25	41	30	18	45	29	32	42	30	34	42	27	13	8	38	32	48	28	28	36	24	46	10000	8	40	39	22	33	36	22	30	42	44	14	46	42	35	28	20	9	8	27	25	35	35	11	44	29	39	44	26	31	18	46	36	34	26	23	29	32	9	13	21	6	35	28	33	43	14	14	28	32	21	25
21	39	28	11	39	21	29	39	22	32	37	20	16	2	31	24	42	28	21	36	17	41	8	10000	33	36	21	25	30	23	23	39	39	9	40	39	27	21	19	7	2	28	19	29	29	8	38	22	37	38	26	24	18	41	36	31	23	16	29	28	10	6	15	5	29	20	26	40	16	15	28	29	18	21
19	35	29	27	12	18	25	26	16	30	16	14	40	34	6	20	11	36	22	39	24	16	40	33	10000	26	32	18	10	37	11	24	14	27	14	28	12	13	31	33	32	37	18	9	12	30	11	11	31	8	36	11	33	18	38	26	25	18	35	17	35	30	20	35	9	18	8	30	37	34	33	24	24	19
17	9	11	37	19	36	8	3	35	8	12	24	31	38	20	40	24	17	40	16	39	16	39	36	26	10000	19	39	17	23	26	5	16	29	18	3	34	26	20	31	35	19	20	19	15	30	19	27	6	23	19	30	23	15	15	6	14	27	16	12	31	37	23	34	19	34	22	5	29	26	15	8	19	17
13	19	9	27	32	32	12	22	31	13	25	22	12	23	27	36	35	7	34	15	31	31	22	21	32	19	10000	35	24	5	25	23	29	16	31	22	34	24	3	15	20	7	15	24	22	14	31	25	17	33	6	29	4	30	15	14	8	21	8	17	13	24	15	18	24	30	25	22	10	8	7	13	9	13
25	46	37	15	29	5	34	40	5	39	32	15	38	25	21	2	29	41	6	47	9	33	33	25	18	39	35	10000	23	40	13	38	31	22	31	41	7	13	33	28	25	42	21	22	24	26	28	13	43	26	41	10	34	35	47	36	31	15	41	27	32	20	20	29	21	6	17	43	36	33	39	34	27	25
12	26	21	27	9	22	16	18	20	20	9	12	33	32	4	25	12	27	26	30	26	12	36	30	10	17	24	23	10000	29	11	16	9	23	10	20	18	12	23	28	29	28	12	2	3	26	8	12	22	9	27	14	26	12	29	17	17	16	26	8	30	29	16	31	3	20	7	21	31	28	24	15	17	12
18	21	12	30	36	36	16	25	36	16	30	26	10	24	32	40	40	7	38	15	34	35	22	23	37	23	5	40	29	10000	30	27	34	19	36	25	38	28	7	16	22	6	20	29	27	16	35	30	20	38	5	33	6	35	15	17	13	25	9	22	13	27	20	19	29	34	30	25	9	9	8	17	14	18
13	34	25	17	19	11	22	27	9	27	20	4	31	24	10	15	20	30	15	36	15	22	30	23	11	26	25	13	11	30	10000	26	20	17	21	29	9	3	23	23	22	31	10	10	12	21	18	1	30	16	30	4	25	23	35	24	20	8	30	15	26	20	11	25	9	9	5	30	29	26	28	21	17	13
19	13	15	38	16	36	11	3	35	12	9	25	35	40	19	40	20	22	40	20	39	12	42	39	24	5	23	38	16	27	26	10000	12	31	14	5	33	26	24	34	37	23	21	17	14	32	16	26	10	20	23	29	26	11	19	10	17	28	20	12	34	39	25	37	18	34	22	6	32	30	19	11	21	19
19	25	23	35	4	30	19	15	28	22	5	20	40	40	10	33	8	30	34	31	34	3	44	39	14	16	29	31	9	34	20	12	10000	31	2	17	25	21	29	35	38	31	20	11	10	34	4	20	22	8	31	22	31	4	30	19	22	25	29	13	37	37	24	39	11	28	15	18	37	34	28	17	24	19
13	32	22	11	32	18	21	31	19	25	29	13	16	10	24	22	34	23	20	30	16	33	14	9	27	29	16	22	23	19	17	31	31	10000	32	31	23	15	13	7	7	23	11	22	21	5	30	16	30	31	21	19	13	33	30	24	16	10	23	20	10	9	7	9	21	17	19	33	14	12	22	22	10	13
21	26	25	37	3	30	21	16	29	24	7	22	42	42	11	33	7	32	35	33	35	3	46	40	14	18	31	31	10	36	21	14	2	32	10000	19	25	22	31	37	39	33	22	12	12	35	4	21	23	7	33	23	33	4	32	21	24	26	31	15	39	39	26	40	12	29	16	20	39	36	30	19	26	21
20	8	13	40	21	39	11	3	38	10	13	27	33	41	23	43	25	19	43	16	41	17	42	39	28	3	22	41	20	25	29	5	17	31	19	10000	37	29	23	33	38	20	23	21	18	32	20	29	6	24	21	32	25	15	15	9	17	30	17	15	33	40	26	37	21	37	25	2	31	29	17	10	22	20
22	42	34	18	23	8	31	35	6	35	26	12	38	28	16	9	23	39	11	44	14	27	35	27	12	34	34	7	18	38	9	33	25	23	25	37	10000	10	32	29	27	40	19	16	19	27	22	9	38	19	38	5	33	29	43	32	28	14	38	23	32	23	19	30	16	8	12	38	36	33	37	30	25	22
12	33	25	15	20	11	21	27	9	26	20	3	29	22	12	15	22	29	15	35	14	23	28	21	13	26	24	13	12	28	3	26	21	15	22	29	10	10000	22	21	20	30	9	10	12	19	19	2	30	18	29	5	23	24	34	23	18	6	29	14	24	18	10	23	10	9	6	30	27	24	27	21	15	12
12	21	11	24	31	29	13	23	29	14	25	20	12	20	26	33	35	10	32	18	28	31	20	19	31	20	3	33	23	7	23	24	29	13	31	23	32	22	10000	12	18	10	14	23	21	12	30	23	19	32	8	27	3	30	17	14	8	19	10	17	11	22	13	16	23	27	23	23	9	6	9	14	7	12
17	33	22	16	37	24	23	33	25	26	33	19	10	9	29	28	40	21	25	29	21	38	9	7	33	31	15	28	28	16	23	34	35	7	37	33	29	21	12	10000	6	21	16	27	26	3	36	22	30	36	19	25	11	38	29	25	17	16	22	24	4	11	13	4	27	23	25	34	9	8	21	24	13	17
19	38	27	11	38	21	28	38	22	31	35	19	16	3	30	24	41	27	21	35	17	40	8	2	32	35	20	25	29	22	22	37	38	7	39	38	27	20	18	6	10000	27	18	28	28	6	37	22	35	37	25	23	17	40	35	30	22	15	28	27	9	6	14	5	28	20	25	39	15	14	26	28	17	19
19	15	9	34	34	38	13	21	38	11	27	28	16	29	31	42	39	2	41	9	38	33	27	28	37	19	7	42	28	6	31	23	31	23	33	20	40	30	10	21	27	10000	21	29	26	21	34	31	15	36	2	35	11	32	9	14	12	28	3	21	19	31	22	24	29	36	30	20	14	14	4	15	16	19
4	26	16	18	21	18	14	22	17	18	18	7	22	20	14	22	24	21	21	27	19	22	25	19	18	20	15	21	12	20	10	21	20	11	22	23	19	9	14	16	18	21	10000	12	11	14	20	10	22	21	20	14	15	23	26	16	10	8	20	10	18	18	4	19	11	16	10	24	20	17	19	14	7	4
12	27	21	25	11	20	17	19	18	21	11	10	33	30	3	23	13	28	24	31	24	13	35	29	9	19	24	22	2	29	10	17	11	22	12	21	16	10	23	27	28	29	12	10000	4	25	9	10	24	10	28	12	25	14	30	18	17	14	26	8	29	27	15	30	1	18	5	23	30	27	25	16	17	12
10	24	18	26	11	22	14	16	21	18	9	11	31	30	6	26	15	24	26	28	26	12	35	29	12	15	22	24	3	27	12	14	10	21	12	18	19	12	21	26	28	26	11	4	10000	24	10	12	20	12	25	15	23	13	27	15	14	15	23	5	28	28	14	29	4	21	8	19	28	25	22	12	15	10
15	32	21	14	35	22	22	32	23	25	31	17	12	9	27	26	38	21	23	29	20	36	11	8	30	30	14	26	26	16	21	32	34	5	35	32	27	19	12	3	6	21	14	25	24	10000	34	20	30	34	19	23	11	36	29	24	16	14	22	22	6	11	11	5	25	21	23	33	10	9	21	23	11	15
20	28	26	34	2	27	21	18	25	24	8	19	41	39	8	30	5	32	32	34	32	6	44	38	11	19	31	28	8	35	18	16	4	30	4	20	22	19	30	36	37	34	20	9	10	34	10000	18	25	4	33	20	33	7	33	21	23	23	31	14	37	36	24	38	10	26	13	22	38	35	30	20	25	20
13	34	26	16	20	10	22	28	9	27	20	4	31	23	11	14	21	30	14	36	14	23	29	22	11	27	25	13	12	30	1	26	20	16	21	29	9	2	23	22	22	31	10	10	12	20	18	10000	30	17	30	4	25	24	35	24	20	7	30	15	25	19	11	24	10	9	6	31	28	25	28	22	17	13
19	4	9	39	25	40	9	8	39	5	18	28	29	38	26	44	29	13	43	10	41	22	39	37	31	6	17	43	22	20	30	10	22	30	23	6	38	30	19	30	35	15	22	24	20	30	25	30	10000	28	15	34	21	21	9	7	14	30	12	16	30	38	25	34	24	38	27	6	27	25	12	9	20	19
21	31	28	33	5	25	24	22	23	28	11	18	42	39	7	28	4	35	30	37	30	10	44	38	8	23	33	26	9	38	16	20	8	31	7	24	19	18	32	36	37	36	21	10	12	34	4	17	28	10000	36	18	34	11	36	24	25	23	34	16	38	36	24	39	10	24	12	26	39	36	33	22	26	21
18	17	9	32	34	37	13	22	36	12	27	27	15	28	30	41	38	3	39	11	36	32	26	26	36	19	6	41	27	5	30	23	31	21	33	21	38	29	8	19	25	2	20	28	25	19	33	30	15	36	10000	33	9	32	11	14	11	26	4	20	17	29	21	22	28	35	29	21	13	12	4	14	14	18
17	37	29	16	21	8	26	31	6	30	23	7	34	25	12	11	21	34	12	39	13	24	31	24	11	30	29	10	14	33	4	29	22	19	23	32	5	5	27	25	23	35	14	12	15	23	20	4	34	18	33	10000	28	26	38	28	23	9	33	18	28	21	14	26	12	7	8	34	31	28	32	25	20	17
14	23	13	24	34	30	15	26	30	16	28	21	9	19	28	34	37	11	32	19	29	33	18	18	33	23	4	34	26	6	25	26	31	13	33	25	33	23	3	11	17	11	15	25	23	11	33	25	21	34	9	28	10000	33	19	17	10	20	12	19	9	21	14	14	25	28	25	26	6	4	11	16	9	14
22	23	23	38	7	33	19	13	31	21	5	24	41	43	14	36	10	30	38	30	38	2	46	41	18	15	30	35	12	35	23	11	4	33	4	15	29	24	30	38	40	32	23	14	13	36	7	24	21	11	32	26	33	10000	29	19	23	28	29	15	39	40	27	41	14	32	18	16	38	36	28	18	26	22
23	8	10	40	33	43	13	17	42	9	26	32	25	37	32	47	37	9	46	2	44	30	36	36	38	15	15	47	29	15	35	19	30	30	32	15	43	34	17	29	35	9	26	30	27	29	33	35	9	36	11	38	19	29	10000	12	16	33	8	22	27	38	27	32	30	41	32	15	23	22	9	15	21	23
13	10	5	33	22	33	3	9	32	4	14	21	25	33	20	37	26	12	37	13	35	19	34	31	26	6	14	36	17	17	24	10	19	24	21	9	32	23	14	25	30	14	16	18	15	24	21	24	7	24	14	28	17	19	12	10000	9	23	11	10	25	32	19	29	18	31	21	10	23	20	10	3	14	13
7	18	7	25	24	27	7	17	27	10	18	16	19	24	20	32	28	11	31	17	28	24	26	23	25	14	8	31	17	13	20	17	22	16	24	17	28	18	8	17	22	12	10	17	14	16	23	20	14	25	11	23	10	23	16	9	10000	17	11	10	17	24	12	21	17	26	18	18	16	13	9	7	6	7
11	33	24	11	25	11	21	29	11	26	23	5	25	17	16	15	26	27	14	34	12	27	23	16	18	27	21	15	16	25	8	28	25	10	26	30	14	6	19	16	15	28	8	14	15	14	23	7	30	23	26	9	20	28	33	23	17	10000	27	16	19	14	6	18	14	9	11	31	22	20	25	21	13	11
17	13	6	34	32	37	11	18	37	8	25	27	18	30	29	42	36	2	40	8	37	30	29	29	35	16	8	41	26	9	30	20	29	23	31	17	38	29	10	22	28	3	20	26	23	22	31	30	12	34	4	33	12	29	8	11	11	27	10000	19	20	32	21	25	27	36	28	17	16	15	2	12	15	17
8	20	13	27	15	25	9	14	23	13	10	13	28	29	11	28	19	20	29	23	27	15	32	28	17	12	17	27	8	22	15	12	13	20	15	15	23	14	17	24	27	21	10	8	5	22	14	15	16	16	20	18	19	15	22	10	10	16	19	10000	25	27	13	27	9	23	11	16	25	22	17	8	12	8
18	32	21	19	39	28	23	33	28	25	34	22	7	11	32	31	42	19	29	27	25	39	9	10	35	31	13	32	30	13	26	34	37	10	39	33	32	24	11	4	9	19	18	29	28	6	37	25	30	38	17	28	9	39	27	25	17	19	20	25	10000	15	15	6	29	26	28	34	6	6	19	24	14	18
21	41	30	6	38	17	30	39	18	33	36	18	21	6	29	19	40	31	16	39	12	40	13	6	30	37	24	20	29	27	20	39	37	9	39	40	23	18	22	11	6	31	18	27	28	11	36	19	38	36	29	21	21	40	38	32	24	14	32	27	15	10000	14	10	27	16	24	41	20	19	30	30	19	21
7	29	18	14	25	17	17	26	16	21	22	8	20	16	17	21	28	21	19	28	17	26	21	15	20	23	15	20	16	20	11	25	24	7	26	26	19	10	13	13	14	22	4	15	14	11	24	11	25	24	21	14	14	27	27	19	12	6	21	13	15	14	10000	15	15	15	13	28	18	15	20	17	7	7
20	36	26	15	40	25	27	37	26	29	36	22	12	6	32	28	42	24	25	32	21	41	6	5	35	34	18	29	31	19	25	37	39	9	40	37	30	23	16	4	5	24	19	30	29	5	38	24	34	39	22	26	14	41	32	29	21	18	25	27	6	10	15	10000	30	23	27	38	11	11	24	27	16	20
12	27	21	25	11	20	17	20	18	22	11	10	33	30	3	23	13	28	24	31	24	14	35	29	9	19	24	21	3	29	9	18	11	21	12	21	16	10	23	27	28	29	11	1	4	25	10	10	24	10	28	12	25	14	30	18	17	14	27	9	29	27	15	30	10000	18	5	23	30	27	25	16	17	12
19	41	32	11	27	2	29	36	3	34	29	11	32	21	19	7	28	36	6	42	7	31	28	20	18	34	30	6	20	34	9	34	28	17	29	37	8	9	27	23	20	36	16	18	21	21	26	9	38	24	35	7	28	32	41	31	26	9	36	23	26	16	15	23	18	10000	14	39	30	28	34	29	21	19
12	30	23	21	14	15	19	23	14	24	15	7	32	27	6	19	16	29	20	33	20	17	33	26	8	22	25	17	7	30	5	22	15	19	16	25	12	6	23	25	25	30	10	5	8	23	13	6	27	12	29	8	25	18	32	21	18	11	28	11	28	24	13	27	5	14	10000	27	29	26	27	18	17	12
21	7	14	41	22	40	12	4	39	10	15	29	34	42	24	44	26	19	44	16	43	18	43	40	30	5	22	43	21	25	30	6	18	33	20	2	38	30	23	34	39	20	24	23	19	33	22	31	6	26	21	34	26	16	15	10	18	31	17	16	34	41	28	38	23	39	27	10000	31	29	17	12	23	21
19	28	18	24	39	32	21	31	32	22	33	25	4	17	33	36	42	15	33	23	29	39	14	16	37	29	10	36	31	9	29	32	37	14	39	31	36	27	9	9	15	14	20	30	28	10	38	28	27	39	13	31	6	38	23	23	16	22	16	25	6	20	18	11	30	30	29	31	10000	4	16	22	14	19
16	27	16	22	36	29	19	29	30	20	31	22	6	16	30	33	39	14	31	22	27	36	14	15	34	26	8	33	28	9	26	30	34	12	36	29	33	24	6	8	14	14	17	27	25	9	35	25	25	36	12	28	4	36	22	20	13	20	15	22	6	19	15	11	27	28	26	29	4	10000	14	20	11	16
16	13	5	32	31	36	9	18	35	8	24	25	18	29	28	40	35	3	39	9	36	29	28	28	33	15	7	39	24	8	28	19	28	22	30	17	37	27	9	21	26	4	19	25	22	21	30	28	12	33	4	32	11	28	9	10	9	25	2	17	19	30	20	24	25	34	27	17	16	14	10000	11	13	16
11	13	6	31	20	31	2	10	30	6	13	19	25	31	18	35	24	13	34	16	32	18	32	29	24	8	13	34	15	17	21	11	17	22	19	10	30	21	14	24	28	15	14	16	12	23	20	22	9	22	14	25	16	18	15	3	7	21	12	8	24	30	17	27	16	29	18	12	22	20	11	10000	12	11
5	23	12	20	26	23	12	22	23	15	21	13	17	19	20	27	29	15	26	22	23	26	21	18	24	19	9	27	17	14	17	21	24	10	26	22	25	15	7	13	17	16	7	17	15	11	25	17	20	26	14	20	9	26	21	14	6	13	15	12	14	19	7	16	17	21	17	23	14	11	13	12	10000	5
0	23	13	21	21	21	11	19	20	15	17	10	22	22	15	25	24	18	25	23	22	22	25	21	19	17	13	25	12	18	13	19	19	13	21	20	22	12	12	17	19	19	4	12	10	15	20	13	19	21	18	17	14	22	23	13	7	11	17	8	18	21	7	20	12	19	12	21	19	16	16	11	5	0
																														Number of caregivers required for node=
1	2	1	1	2	1	1	1	1	2	1	1	1	2	1	1	1	1	1	1	1	1	2	1	1	1	2	1	1	1	1	1	1	1	1	1	1	1	1	1	1	1	1	1	1	1	1	1	1	1	1	1	1	1	1	1	1	1	1	2	2	1	1	1	1	1	1	1	1	1	1	1	1	1
